TITLE="fun3d_case_title"
VARIABLES="Iteration" "R_1" "R_2" "R_3" "R_4" "R_5" "C_L" "C_D" "C_M_x" "C_M_y" "C_M_z" "Wall Time" "C_x" "C_y" "C_z" "C_Lp" "C_Dp" "C_Lv" "C_Dv" "C_M_xp" "C_M_yp" "C_M_zp" "C_M_xv" "C_M_yv" "C_M_zv" "C_xp" "C_yp" "C_zp" "C_xv" "C_yv" "C_zv"
ZONE  I=100 F=POINT
1  0.7060939563E-04  0.3530469781E-04  0.5746361829E-15  0.5592647209E-15  0.1853496635E-03 -0.1724348486E+00  0.3199601927E+01  0.1431804959E+01 -0.1124619423E+02  0.7584483075E+01  0.1452193802E+02  0.3199601927E+01  0.4420287300E+00 -0.1724348486E+00 -0.1724348486E+00  0.3199601927E+01  0.0000000000E+00  0.0000000000E+00  0.1431804959E+01 -0.1124619423E+02  0.7584483075E+01  0.0000000000E+00  0.0000000000E+00  0.0000000000E+00  0.3199601927E+01  0.4420287300E+00 -0.1724348486E+00  0.0000000000E+00  0.0000000000E+00  0.0000000000E+00
2  0.5345945151E-04  0.2410118361E-04  0.3338482880E-04  0.3512198281E-05  0.1413529587E-03 -0.2904539200E+00  0.5365129110E+01  0.1092877987E+01 -0.1873179425E+02  0.1134917168E+02  0.1579796510E+02  0.5365129110E+01  0.3464103992E+00 -0.2904539200E+00 -0.2904539200E+00  0.5365129110E+01  0.0000000000E+00  0.0000000000E+00  0.1092877987E+01 -0.1873179425E+02  0.1134917168E+02  0.0000000000E+00  0.0000000000E+00  0.0000000000E+00  0.5365129110E+01  0.3464103992E+00 -0.2904539200E+00  0.0000000000E+00  0.0000000000E+00  0.0000000000E+00
3  0.4778297704E-04  0.2640765281E-04  0.5280941220E-04  0.5288837621E-05  0.1255932963E-03 -0.3200619778E+00  0.6097672902E+01  0.1278206663E+01 -0.2116063844E+02  0.1241787196E+02  0.1705551510E+02  0.6097672902E+01  0.3781541561E+00 -0.3200619778E+00 -0.3200619778E+00  0.6097672902E+01  0.0000000000E+00  0.0000000000E+00  0.1278206663E+01 -0.2116063844E+02  0.1241787196E+02  0.0000000000E+00  0.0000000000E+00  0.0000000000E+00  0.6097672902E+01  0.3781541561E+00 -0.3200619778E+00  0.0000000000E+00  0.0000000000E+00  0.0000000000E+00
4  0.5288490857E-04  0.3502640828E-04  0.6217819745E-04  0.6795688640E-05  0.1368059675E-03 -0.2724887419E+00  0.5519980107E+01  0.2542125923E+01 -0.1907122857E+02  0.1179212550E+02  0.1832536510E+02  0.5519980107E+01  0.6970557042E+00 -0.2724887419E+00 -0.2724887419E+00  0.5519980107E+01  0.0000000000E+00  0.0000000000E+00  0.2542125923E+01 -0.1907122857E+02  0.1179212550E+02  0.0000000000E+00  0.0000000000E+00  0.0000000000E+00  0.5519980107E+01  0.6970557042E+00 -0.2724887419E+00  0.0000000000E+00  0.0000000000E+00  0.0000000000E+00
5  0.6053431538E-04  0.4649667483E-04  0.7215941018E-04  0.9825050414E-05  0.1547535338E-03 -0.1988401332E+00  0.4474003092E+01  0.4373851425E+01 -0.1536747187E+02  0.1080611953E+02  0.1960311510E+02  0.4474003092E+01  0.1163517226E+01 -0.1988401332E+00 -0.1988401332E+00  0.4474003092E+01  0.0000000000E+00  0.0000000000E+00  0.4373851425E+01 -0.1536747187E+02  0.1080611953E+02  0.0000000000E+00  0.0000000000E+00  0.0000000000E+00  0.4474003092E+01  0.1163517226E+01 -0.1988401332E+00  0.0000000000E+00  0.0000000000E+00  0.0000000000E+00
6  0.6499615814E-04  0.6176036334E-04  0.8533673485E-04  0.1466050341E-04  0.1626298935E-03 -0.1263225163E+00  0.3527276898E+01  0.6616952424E+01 -0.1201852460E+02  0.1027462772E+02  0.2087714010E+02  0.3527276898E+01  0.1738675249E+01 -0.1263225163E+00 -0.1263225163E+00  0.3527276898E+01  0.0000000000E+00  0.0000000000E+00  0.6616952424E+01 -0.1201852460E+02  0.1027462772E+02  0.0000000000E+00  0.0000000000E+00  0.0000000000E+00  0.3527276898E+01  0.1738675249E+01 -0.1263225163E+00  0.0000000000E+00  0.0000000000E+00  0.0000000000E+00
7  0.6874156059E-04  0.7966080335E-04  0.9800951879E-04  0.2238466285E-04  0.1668928633E-03 -0.5695738364E-01  0.2846827442E+01  0.9343907378E+01 -0.9623505581E+01  0.1033742390E+02  0.2215201510E+02  0.2846827442E+01  0.2448722162E+01 -0.5695738364E-01 -0.5695738364E-01  0.2846827442E+01  0.0000000000E+00  0.0000000000E+00  0.9343907378E+01 -0.9623505581E+01  0.1033742390E+02  0.0000000000E+00  0.0000000000E+00  0.0000000000E+00  0.2846827442E+01  0.2448722162E+01 -0.5695738364E-01  0.0000000000E+00  0.0000000000E+00  0.0000000000E+00
8  0.7257322840E-04  0.9545124780E-04  0.1065215079E-03  0.3298880200E-04  0.1696236966E-03  0.1800884149E-01  0.2359423233E+01  0.1268266402E+02 -0.7948350293E+01  0.1082057718E+02  0.2343009010E+02  0.2359423233E+01  0.3341374731E+01  0.1800884149E-01  0.1800884149E-01  0.2359423233E+01  0.0000000000E+00  0.0000000000E+00  0.1268266402E+02 -0.7948350293E+01  0.1082057718E+02  0.0000000000E+00  0.0000000000E+00  0.0000000000E+00  0.2359423233E+01  0.3341374731E+01  0.1800884149E-01  0.0000000000E+00  0.0000000000E+00  0.0000000000E+00
9  0.7670317178E-04  0.1037481053E-03  0.1075945373E-03  0.4430903889E-04  0.1720124707E-03  0.1024182046E+00  0.1952732165E+01  0.1656218580E+02 -0.6608536571E+01  0.1155558935E+02  0.2470516510E+02  0.1952732165E+01  0.4419214841E+01  0.1024182046E+00  0.1024182046E+00  0.1952732165E+01  0.0000000000E+00  0.0000000000E+00  0.1656218580E+02 -0.6608536571E+01  0.1155558935E+02  0.0000000000E+00  0.0000000000E+00  0.0000000000E+00  0.1952732165E+01  0.4419214841E+01  0.1024182046E+00  0.0000000000E+00  0.0000000000E+00  0.0000000000E+00
10  0.8236516008E-04  0.1024259132E-03  0.1012344559E-03  0.5312730329E-04  0.1805126950E-03  0.1892681259E+00  0.1575897044E+01  0.2055896483E+02 -0.5414281832E+01  0.1242950948E+02  0.2598366510E+02  0.1575897044E+01  0.5592838470E+01  0.1892681259E+00  0.1892681259E+00  0.1575897044E+01  0.0000000000E+00  0.0000000000E+00  0.2055896483E+02 -0.5414281832E+01  0.1242950948E+02  0.0000000000E+00  0.0000000000E+00  0.0000000000E+00  0.1575897044E+01  0.5592838470E+01  0.1892681259E+00  0.0000000000E+00  0.0000000000E+00  0.0000000000E+00
11  0.8958172119E-04  0.9608016148E-04  0.9469272595E-04  0.5884391618E-04  0.1985430293E-03  0.2657781176E+00  0.1230519084E+01  0.2402667097E+02 -0.4348740327E+01  0.1330553555E+02  0.2726031510E+02  0.1230519084E+01  0.6704065325E+01  0.2657781176E+00  0.2657781176E+00  0.1230519084E+01  0.0000000000E+00  0.0000000000E+00  0.2402667097E+02 -0.4348740327E+01  0.1330553555E+02  0.0000000000E+00  0.0000000000E+00  0.0000000000E+00  0.1230519084E+01  0.6704065325E+01  0.2657781176E+00  0.0000000000E+00  0.0000000000E+00  0.0000000000E+00
12  0.9584231325E-04  0.9504633385E-04  0.9891566405E-04  0.6713538287E-04  0.2186912427E-03  0.3214288079E+00  0.9269184741E+00  0.2637958540E+02 -0.3430004076E+01  0.1399189285E+02  0.2853726563E+02  0.9269184741E+00  0.7589789254E+01  0.3214288079E+00  0.3214288079E+00  0.9269184741E+00  0.0000000000E+00  0.0000000000E+00  0.2637958540E+02 -0.3430004076E+01  0.1399189285E+02  0.0000000000E+00  0.0000000000E+00  0.0000000000E+00  0.9269184741E+00  0.7589789254E+01  0.3214288079E+00  0.0000000000E+00  0.0000000000E+00  0.0000000000E+00
13  0.9802160724E-04  0.1040769305E-03  0.1135574440E-03  0.8328978781E-04  0.2285055714E-03  0.3523743132E+00  0.6642382956E+00  0.2732142651E+02 -0.2650182065E+01  0.1430202974E+02  0.2982069010E+02  0.6642382956E+00  0.8137596034E+01  0.3523743132E+00  0.3523743132E+00  0.6642382956E+00  0.0000000000E+00  0.0000000000E+00  0.2732142651E+02 -0.2650182065E+01  0.1430202974E+02  0.0000000000E+00  0.0000000000E+00  0.0000000000E+00  0.6642382956E+00  0.8137596034E+01  0.3523743132E+00  0.0000000000E+00  0.0000000000E+00  0.0000000000E+00
14  0.9588076445E-04  0.1159079632E-03  0.1269356029E-03  0.1014825291E-03  0.2238551974E-03  0.3614541940E+00  0.4374560076E+00  0.2692714477E+02 -0.1998528535E+01  0.1414050957E+02  0.3108741510E+02  0.4374560076E+00  0.8312400799E+01  0.3614541940E+00  0.3614541940E+00  0.4374560076E+00  0.0000000000E+00  0.0000000000E+00  0.2692714477E+02 -0.1998528535E+01  0.1414050957E+02  0.0000000000E+00  0.0000000000E+00  0.0000000000E+00  0.4374560076E+00  0.8312400799E+01  0.3614541940E+00  0.0000000000E+00  0.0000000000E+00  0.0000000000E+00
15  0.9341695956E-04  0.1233822871E-03  0.1318056552E-03  0.1127444860E-03  0.2167315874E-03  0.3564677268E+00  0.2476879914E+00  0.2556889936E+02 -0.1490378137E+01  0.1353556697E+02  0.3235521510E+02  0.2476879914E+00  0.8155007875E+01  0.3564677268E+00  0.3564677268E+00  0.2476879914E+00  0.0000000000E+00  0.0000000000E+00  0.2556889936E+02 -0.1490378137E+01  0.1353556697E+02  0.0000000000E+00  0.0000000000E+00  0.0000000000E+00  0.2476879914E+00  0.8155007875E+01  0.3564677268E+00  0.0000000000E+00  0.0000000000E+00  0.0000000000E+00
16  0.9455537082E-04  0.1270817617E-03  0.1328004873E-03  0.1171964587E-03  0.2227107024E-03  0.3447068914E+00  0.1076804767E+00  0.2381998147E+02 -0.1169181800E+01  0.1264358586E+02  0.3363031510E+02  0.1076804767E+00  0.7761486064E+01  0.3447068914E+00  0.3447068914E+00  0.1076804767E+00  0.0000000000E+00  0.0000000000E+00  0.2381998147E+02 -0.1169181800E+01  0.1264358586E+02  0.0000000000E+00  0.0000000000E+00  0.0000000000E+00  0.1076804767E+00  0.7761486064E+01  0.3447068914E+00  0.0000000000E+00  0.0000000000E+00  0.0000000000E+00
17  0.9795214511E-04  0.1308753371E-03  0.1412738660E-03  0.1245012250E-03  0.2368302798E-03  0.3341311872E+00  0.2869480761E-01  0.2215800163E+02 -0.1064221406E+01  0.1164048797E+02  0.3489226510E+02  0.2869480761E-01  0.7246012688E+01  0.3341311872E+00  0.3341311872E+00  0.2869480761E-01  0.0000000000E+00  0.0000000000E+00  0.2215800163E+02 -0.1064221406E+01  0.1164048797E+02  0.0000000000E+00  0.0000000000E+00  0.0000000000E+00  0.2869480761E-01  0.7246012688E+01  0.3341311872E+00  0.0000000000E+00  0.0000000000E+00  0.0000000000E+00
18  0.9985590271E-04  0.1348960236E-03  0.1595934014E-03  0.1396197455E-03  0.2419000450E-03  0.3296965438E+00  0.1573670138E-01  0.2096572391E+02 -0.1169718972E+01  0.1071899436E+02  0.3615876458E+02  0.1573670138E-01  0.6732270582E+01  0.3296965438E+00  0.3296965438E+00  0.1573670138E-01  0.0000000000E+00  0.0000000000E+00  0.2096572391E+02 -0.1169718972E+01  0.1071899436E+02  0.0000000000E+00  0.0000000000E+00  0.0000000000E+00  0.1573670138E-01  0.6732270582E+01  0.3296965438E+00  0.0000000000E+00  0.0000000000E+00  0.0000000000E+00
19  0.9937975952E-04  0.1358999806E-03  0.1777846595E-03  0.1549913819E-03  0.2338967549E-03  0.3333093351E+00  0.6377078311E-01  0.2043254075E+02 -0.1440850952E+01  0.1004077040E+02  0.3742719010E+02  0.6377078311E-01  0.6326113167E+01  0.3333093351E+00  0.3333093351E+00  0.6377078311E-01  0.0000000000E+00  0.0000000000E+00  0.2043254075E+02 -0.1440850952E+01  0.1004077040E+02  0.0000000000E+00  0.0000000000E+00  0.0000000000E+00  0.6377078311E-01  0.6326113167E+01  0.3333093351E+00  0.0000000000E+00  0.0000000000E+00  0.0000000000E+00
20  0.9765412189E-04  0.1327254761E-03  0.1875206819E-03  0.1622910846E-03  0.2239055103E-03  0.3445371454E+00  0.1585215921E+00  0.2057922657E+02 -0.1808183691E+01  0.9716262968E+01  0.3869466510E+02  0.1585215921E+00  0.6103529903E+01  0.3445371454E+00  0.3445371454E+00  0.1585215921E+00  0.0000000000E+00  0.0000000000E+00  0.2057922657E+02 -0.1808183691E+01  0.9716262968E+01  0.0000000000E+00  0.0000000000E+00  0.0000000000E+00  0.1585215921E+00  0.6103529903E+01  0.3445371454E+00  0.0000000000E+00  0.0000000000E+00  0.0000000000E+00
21  0.9478590200E-04  0.1277976952E-03  0.1893439251E-03  0.1609467826E-03  0.2208096678E-03  0.3615319127E+00  0.2797772411E+00  0.2130046225E+02 -0.2196831997E+01  0.9784513638E+01  0.3997746510E+02  0.2797772411E+00  0.6099218241E+01  0.3615319127E+00  0.3615319127E+00  0.2797772411E+00  0.0000000000E+00  0.0000000000E+00  0.2130046225E+02 -0.2196831997E+01  0.9784513638E+01  0.0000000000E+00  0.0000000000E+00  0.0000000000E+00  0.2797772411E+00  0.6099218241E+01  0.3615319127E+00  0.0000000000E+00  0.0000000000E+00  0.0000000000E+00
22  0.9027677498E-04  0.1237982920E-03  0.1893857237E-03  0.1559738360E-03  0.2197612108E-03  0.3816477092E+00  0.4056835423E+00  0.2240761153E+02 -0.2542303490E+01  0.1020183819E+02  0.4125291510E+02  0.4056835423E+00  0.6300626858E+01  0.3816477092E+00  0.3816477092E+00  0.4056835423E+00  0.0000000000E+00  0.0000000000E+00  0.2240761153E+02 -0.2542303490E+01  0.1020183819E+02  0.0000000000E+00  0.0000000000E+00  0.0000000000E+00  0.4056835423E+00  0.6300626858E+01  0.3816477092E+00  0.0000000000E+00  0.0000000000E+00  0.0000000000E+00
23  0.8495313979E-04  0.1207207963E-03  0.1917739259E-03  0.1518464713E-03  0.2117944603E-03  0.4024310095E+00  0.5163475198E+00  0.2367360812E+02 -0.2799199949E+01  0.1085030642E+02  0.4252021510E+02  0.5163475198E+00  0.6654735802E+01  0.4024310095E+00  0.4024310095E+00  0.5163475198E+00  0.0000000000E+00  0.0000000000E+00  0.2367360812E+02 -0.2799199949E+01  0.1085030642E+02  0.0000000000E+00  0.0000000000E+00  0.0000000000E+00  0.5163475198E+00  0.6654735802E+01  0.4024310095E+00  0.0000000000E+00  0.0000000000E+00  0.0000000000E+00
24  0.8030098695E-04  0.1168747224E-03  0.1946000742E-03  0.1488001427E-03  0.1953540058E-03  0.4209396506E+00  0.5978469729E+00  0.2487887305E+02 -0.2946789791E+01  0.1157190436E+02  0.4379061510E+02  0.5978469729E+00  0.7081969961E+01  0.4209396506E+00  0.4209396506E+00  0.5978469729E+00  0.0000000000E+00  0.0000000000E+00  0.2487887305E+02 -0.2946789791E+01  0.1157190436E+02  0.0000000000E+00  0.0000000000E+00  0.0000000000E+00  0.5978469729E+00  0.7081969961E+01  0.4209396506E+00  0.0000000000E+00  0.0000000000E+00  0.0000000000E+00
25  0.7631935256E-04  0.1114114416E-03  0.1932230890E-03  0.1441192954E-03  0.1764317750E-03  0.4349589129E+00  0.6435381645E+00  0.2585487821E+02 -0.2987781411E+01  0.1221178365E+02  0.4506141510E+02  0.6435381645E+00  0.7499921434E+01  0.4349589129E+00  0.4349589129E+00  0.6435381645E+00  0.0000000000E+00  0.0000000000E+00  0.2585487821E+02 -0.2987781411E+01  0.1221178365E+02  0.0000000000E+00  0.0000000000E+00  0.0000000000E+00  0.6435381645E+00  0.7499921434E+01  0.4349589129E+00  0.0000000000E+00  0.0000000000E+00  0.0000000000E+00
26  0.7132639088E-04  0.1052037879E-03  0.1851279806E-03  0.1354191097E-03  0.1613692549E-03  0.4432667402E+00  0.6542090136E+00  0.2652044107E+02 -0.2943859320E+01  0.1266086651E+02  0.4632776510E+02  0.6542090136E+00  0.7844350027E+01  0.4432667402E+00  0.4432667402E+00  0.6542090136E+00  0.0000000000E+00  0.0000000000E+00  0.2652044107E+02 -0.2943859320E+01  0.1266086651E+02  0.0000000000E+00  0.0000000000E+00  0.0000000000E+00  0.6542090136E+00  0.7844350027E+01  0.4432667402E+00  0.0000000000E+00  0.0000000000E+00  0.0000000000E+00
27  0.6407782237E-04  0.9994617450E-04  0.1712065675E-03  0.1225191214E-03  0.1503673418E-03  0.4459946281E+00  0.6365068182E+00  0.2688540603E+02 -0.2847839305E+01  0.1287732404E+02  0.4759941510E+02  0.6365068182E+00  0.8081219718E+01  0.4459946281E+00  0.4459946281E+00  0.6365068182E+00  0.0000000000E+00  0.0000000000E+00  0.2688540603E+02 -0.2847839305E+01  0.1287732404E+02  0.0000000000E+00  0.0000000000E+00  0.0000000000E+00  0.6365068182E+00  0.8081219718E+01  0.4459946281E+00  0.0000000000E+00  0.0000000000E+00  0.0000000000E+00
28  0.5514778538E-04  0.9647083645E-04  0.1542551007E-03  0.1072295690E-03  0.1386752157E-03  0.4446333668E+00  0.6002872857E+00  0.2702839748E+02 -0.2734213617E+01  0.1288474057E+02  0.4886071510E+02  0.6002872857E+00  0.8208368173E+01  0.4446333668E+00  0.4446333668E+00  0.6002872857E+00  0.0000000000E+00  0.0000000000E+00  0.2702839748E+02 -0.2734213617E+01  0.1288474057E+02  0.0000000000E+00  0.0000000000E+00  0.0000000000E+00  0.6002872857E+00  0.8208368173E+01  0.4446333668E+00  0.0000000000E+00  0.0000000000E+00  0.0000000000E+00
29  0.4662961297E-04  0.9379099738E-04  0.1368109029E-03  0.9209484190E-04  0.1234487427E-03  0.4418656014E+00  0.5557431550E+00  0.2705924020E+02 -0.2630718291E+01  0.1275249075E+02  0.5013841510E+02  0.5557431550E+00  0.8249306165E+01  0.4418656014E+00  0.4418656014E+00  0.5557431550E+00  0.0000000000E+00  0.0000000000E+00  0.2705924020E+02 -0.2630718291E+01  0.1275249075E+02  0.0000000000E+00  0.0000000000E+00  0.0000000000E+00  0.5557431550E+00  0.8249306165E+01  0.4418656014E+00  0.0000000000E+00  0.0000000000E+00  0.0000000000E+00
30  0.4030222237E-04  0.8998451030E-04  0.1199701102E-03  0.7898045823E-04  0.1064304697E-03  0.4400212800E+00  0.5116050127E+00  0.2707919432E+02 -0.2553367817E+01  0.1256638351E+02  0.5141801510E+02  0.5116050127E+00  0.8238456861E+01  0.4400212800E+00  0.4400212800E+00  0.5116050127E+00  0.0000000000E+00  0.0000000000E+00  0.2707919432E+02 -0.2553367817E+01  0.1256638351E+02  0.0000000000E+00  0.0000000000E+00  0.0000000000E+00  0.5116050127E+00  0.8238456861E+01  0.4400212800E+00  0.0000000000E+00  0.0000000000E+00  0.0000000000E+00
31  0.3596860457E-04  0.8385554412E-04  0.1036980359E-03  0.6838866315E-04  0.9159094195E-04  0.4414119444E+00  0.4740450391E+00  0.2714873489E+02 -0.2506686604E+01  0.1240378188E+02  0.5268579010E+02  0.4740450391E+00  0.8212414775E+01  0.4414119444E+00  0.4414119444E+00  0.4740450391E+00  0.0000000000E+00  0.0000000000E+00  0.2714873489E+02 -0.2506686604E+01  0.1240378188E+02  0.0000000000E+00  0.0000000000E+00  0.0000000000E+00  0.4740450391E+00  0.8212414775E+01  0.4414119444E+00  0.0000000000E+00  0.0000000000E+00  0.0000000000E+00
32  0.3208736070E-04  0.7568222759E-04  0.8783222473E-04  0.5964016610E-04  0.8097275666E-04  0.4470316340E+00  0.4464595669E+00  0.2729421205E+02 -0.2485880173E+01  0.1231476620E+02  0.5396691510E+02  0.4464595669E+00  0.8199943538E+01  0.4470316340E+00  0.4470316340E+00  0.4464595669E+00  0.0000000000E+00  0.0000000000E+00  0.2729421205E+02 -0.2485880173E+01  0.1231476620E+02  0.0000000000E+00  0.0000000000E+00  0.0000000000E+00  0.4464595669E+00  0.8199943538E+01  0.4470316340E+00  0.0000000000E+00  0.0000000000E+00  0.0000000000E+00
33  0.2756167732E-04  0.6675710667E-04  0.7280060136E-04  0.5180910998E-04  0.7255385551E-04  0.4563553500E+00  0.4303372271E+00  0.2750433859E+02 -0.2482856151E+01  0.1231509170E+02  0.5522606510E+02  0.4303372271E+00  0.8216189577E+01  0.4563553500E+00  0.4563553500E+00  0.4303372271E+00  0.0000000000E+00  0.0000000000E+00  0.2750433859E+02 -0.2482856151E+01  0.1231509170E+02  0.0000000000E+00  0.0000000000E+00  0.0000000000E+00  0.4303372271E+00  0.8216189577E+01  0.4563553500E+00  0.0000000000E+00  0.0000000000E+00  0.0000000000E+00
34  0.2253980639E-04  0.5830553179E-04  0.5942742679E-04  0.4444177913E-04  0.6331188935E-04  0.4676197315E+00  0.4257090124E+00  0.2774810376E+02 -0.2490655855E+01  0.1239095730E+02  0.5648746510E+02  0.4257090124E+00  0.8262907625E+01  0.4676197315E+00  0.4676197315E+00  0.4257090124E+00  0.0000000000E+00  0.0000000000E+00  0.2774810376E+02 -0.2490655855E+01  0.1239095730E+02  0.0000000000E+00  0.0000000000E+00  0.0000000000E+00  0.4257090124E+00  0.8262907625E+01  0.4676197315E+00  0.0000000000E+00  0.0000000000E+00  0.0000000000E+00
35  0.1797689250E-04  0.5068848922E-04  0.4842952245E-04  0.3775581559E-04  0.5255833339E-04  0.4785512862E+00  0.4313595700E+00  0.2799354306E+02 -0.2505608009E+01  0.1251232249E+02  0.5774861510E+02  0.4313595700E+00  0.8332720422E+01  0.4785512862E+00  0.4785512862E+00  0.4313595700E+00  0.0000000000E+00  0.0000000000E+00  0.2799354306E+02 -0.2505608009E+01  0.1251232249E+02  0.0000000000E+00  0.0000000000E+00  0.0000000000E+00  0.4313595700E+00  0.8332720422E+01  0.4785512862E+00  0.0000000000E+00  0.0000000000E+00  0.0000000000E+00
36  0.1479469950E-04  0.4356539091E-04  0.3999180039E-04  0.3236913134E-04  0.4219059296E-04  0.4872086230E+00  0.4448495950E+00  0.2821991925E+02 -0.2526766778E+01  0.1264754770E+02  0.5900906510E+02  0.4448495950E+00  0.8414612453E+01  0.4872086230E+00  0.4872086230E+00  0.4448495950E+00  0.0000000000E+00  0.0000000000E+00  0.2821991925E+02 -0.2526766778E+01  0.1264754770E+02  0.0000000000E+00  0.0000000000E+00  0.0000000000E+00  0.4448495950E+00  0.8414612453E+01  0.4872086230E+00  0.0000000000E+00  0.0000000000E+00  0.0000000000E+00
37  0.1294699648E-04  0.3671749997E-04  0.3378767403E-04  0.2870095961E-04  0.3458252834E-04  0.4926096172E+00  0.4626471350E+00  0.2842140826E+02 -0.2553696231E+01  0.1277366605E+02  0.6029801510E+02  0.4626471350E+00  0.8498519400E+01  0.4926096172E+00  0.4926096172E+00  0.4626471350E+00  0.0000000000E+00  0.0000000000E+00  0.2842140826E+02 -0.2553696231E+01  0.1277366605E+02  0.0000000000E+00  0.0000000000E+00  0.0000000000E+00  0.4626471350E+00  0.8498519400E+01  0.4926096172E+00  0.0000000000E+00  0.0000000000E+00  0.0000000000E+00
38  0.1154010974E-04  0.3053993903E-04  0.2930606448E-04  0.2642122692E-04  0.3015485137E-04  0.4949360793E+00  0.4806075402E+00  0.2860377609E+02 -0.2584325722E+01  0.1287993280E+02  0.6155211510E+02  0.4806075402E+00  0.8577822616E+01  0.4949360793E+00  0.4949360793E+00  0.4806075402E+00  0.0000000000E+00  0.0000000000E+00  0.2860377609E+02 -0.2584325722E+01  0.1287993280E+02  0.0000000000E+00  0.0000000000E+00  0.0000000000E+00  0.4806075402E+00  0.8577822616E+01  0.4949360793E+00  0.0000000000E+00  0.0000000000E+00  0.0000000000E+00
39  0.9929715175E-05  0.2573626390E-04  0.2610136443E-04  0.2465253343E-04  0.2714799704E-04  0.4953081303E+00  0.4946367670E+00  0.2877444888E+02 -0.2613848691E+01  0.1296449973E+02  0.6280686510E+02  0.4946367670E+00  0.8648540070E+01  0.4953081303E+00  0.4953081303E+00  0.4946367670E+00  0.0000000000E+00  0.0000000000E+00  0.2877444888E+02 -0.2613848691E+01  0.1296449973E+02  0.0000000000E+00  0.0000000000E+00  0.0000000000E+00  0.4946367670E+00  0.8648540070E+01  0.4953081303E+00  0.0000000000E+00  0.0000000000E+00  0.0000000000E+00
40  0.8169343600E-05  0.2251597488E-04  0.2377130208E-04  0.2271238677E-04  0.2391770155E-04  0.4952422364E+00  0.5024795001E+00  0.2894889550E+02 -0.2637798582E+01  0.1303537810E+02  0.6407026510E+02  0.5024795001E+00  0.8713356017E+01  0.4952422364E+00  0.4952422364E+00  0.5024795001E+00  0.0000000000E+00  0.0000000000E+00  0.2894889550E+02 -0.2637798582E+01  0.1303537810E+02  0.0000000000E+00  0.0000000000E+00  0.0000000000E+00  0.5024795001E+00  0.8713356017E+01  0.4952422364E+00  0.0000000000E+00  0.0000000000E+00  0.0000000000E+00
41  0.6744616006E-05  0.2033996357E-04  0.2198841380E-04  0.2061744985E-04  0.2058375762E-04  0.4960585356E+00  0.5030601222E+00  0.2912354982E+02 -0.2651129296E+01  0.1309580970E+02  0.6529026510E+02  0.5030601222E+00  0.8771153670E+01  0.4960585356E+00  0.4960585356E+00  0.5030601222E+00  0.0000000000E+00  0.0000000000E+00  0.2912354982E+02 -0.2651129296E+01  0.1309580970E+02  0.0000000000E+00  0.0000000000E+00  0.0000000000E+00  0.5030601222E+00  0.8771153670E+01  0.4960585356E+00  0.0000000000E+00  0.0000000000E+00  0.0000000000E+00
42  0.5865730161E-05  0.1838292032E-04  0.2044178818E-04  0.1871214282E-04  0.1764314448E-04  0.4985568571E+00  0.4974557492E+00  0.2930223603E+02 -0.2652653233E+01  0.1315205792E+02  0.6654376510E+02  0.4974557492E+00  0.8825402538E+01  0.4985568571E+00  0.4985568571E+00  0.4974557492E+00  0.0000000000E+00  0.0000000000E+00  0.2930223603E+02 -0.2652653233E+01  0.1315205792E+02  0.0000000000E+00  0.0000000000E+00  0.0000000000E+00  0.4974557492E+00  0.8825402538E+01  0.4985568571E+00  0.0000000000E+00  0.0000000000E+00  0.0000000000E+00
43  0.5399674079E-05  0.1637254730E-04  0.1906595403E-04  0.1732891647E-04  0.1581597783E-04  0.5026184365E+00  0.4887079598E+00  0.2947147639E+02 -0.2645017425E+01  0.1320369401E+02  0.6777751510E+02  0.4887079598E+00  0.8874749369E+01  0.5026184365E+00  0.5026184365E+00  0.4887079598E+00  0.0000000000E+00  0.0000000000E+00  0.2947147639E+02 -0.2645017425E+01  0.1320369401E+02  0.0000000000E+00  0.0000000000E+00  0.0000000000E+00  0.4887079598E+00  0.8874749369E+01  0.5026184365E+00  0.0000000000E+00  0.0000000000E+00  0.0000000000E+00
44  0.4890098069E-05  0.1444508765E-04  0.1786285061E-04  0.1636679163E-04  0.1451265264E-04  0.5077654025E+00  0.4798059759E+00  0.2963023456E+02 -0.2633085449E+01  0.1325276744E+02  0.6903021510E+02  0.4798059759E+00  0.8921063280E+01  0.5077654025E+00  0.5077654025E+00  0.4798059759E+00  0.0000000000E+00  0.0000000000E+00  0.2963023456E+02 -0.2633085449E+01  0.1325276744E+02  0.0000000000E+00  0.0000000000E+00  0.0000000000E+00  0.4798059759E+00  0.8921063280E+01  0.5077654025E+00  0.0000000000E+00  0.0000000000E+00  0.0000000000E+00
45  0.4246312488E-05  0.1283436598E-04  0.1692117561E-04  0.1559137114E-04  0.1320850521E-04  0.5128907159E+00  0.4739471269E+00  0.2976874272E+02 -0.2623562747E+01  0.1329776530E+02  0.7026341510E+02  0.4739471269E+00  0.8962734655E+01  0.5128907159E+00  0.5128907159E+00  0.4739471269E+00  0.0000000000E+00  0.0000000000E+00  0.2976874272E+02 -0.2623562747E+01  0.1329776530E+02  0.0000000000E+00  0.0000000000E+00  0.0000000000E+00  0.4739471269E+00  0.8962734655E+01  0.5128907159E+00  0.0000000000E+00  0.0000000000E+00  0.0000000000E+00
46  0.3564558382E-05  0.1151381914E-04  0.1620262270E-04  0.1482548784E-04  0.1157692236E-04  0.5173576127E+00  0.4723666985E+00  0.2989213582E+02 -0.2620668199E+01  0.1334148633E+02  0.7151819010E+02  0.4723666985E+00  0.9001704558E+01  0.5173576127E+00  0.5173576127E+00  0.4723666985E+00  0.0000000000E+00  0.0000000000E+00  0.2989213582E+02 -0.2620668199E+01  0.1334148633E+02  0.0000000000E+00  0.0000000000E+00  0.0000000000E+00  0.4723666985E+00  0.9001704558E+01  0.5173576127E+00  0.0000000000E+00  0.0000000000E+00  0.0000000000E+00
47  0.3108048864E-05  0.1033184882E-04  0.1568004119E-04  0.1414691217E-04  0.1010971501E-04  0.5206045388E+00  0.4748587673E+00  0.3000091015E+02 -0.2625917824E+01  0.1338453863E+02  0.7274049010E+02  0.4748587673E+00  0.9037852096E+01  0.5206045388E+00  0.5206045388E+00  0.4748587673E+00  0.0000000000E+00  0.0000000000E+00  0.3000091015E+02 -0.2625917824E+01  0.1338453863E+02  0.0000000000E+00  0.0000000000E+00  0.0000000000E+00  0.4748587673E+00  0.9037852096E+01  0.5206045388E+00  0.0000000000E+00  0.0000000000E+00  0.0000000000E+00
48  0.2859110568E-05  0.9214289356E-05  0.1524598594E-04  0.1358911200E-04  0.9063415655E-05  0.5228002113E+00  0.4798824147E+00  0.3010492432E+02 -0.2637592155E+01  0.1343014243E+02  0.7398881510E+02  0.4798824147E+00  0.9073750505E+01  0.5228002113E+00  0.5228002113E+00  0.4798824147E+00  0.0000000000E+00  0.0000000000E+00  0.3010492432E+02 -0.2637592155E+01  0.1343014243E+02  0.0000000000E+00  0.0000000000E+00  0.0000000000E+00  0.4798824147E+00  0.9073750505E+01  0.5228002113E+00  0.0000000000E+00  0.0000000000E+00  0.0000000000E+00
49  0.2708121881E-05  0.8278811566E-05  0.1486421319E-04  0.1312957953E-04  0.8525488494E-05  0.5242790934E+00  0.4851598280E+00  0.3020612940E+02 -0.2651418643E+01  0.1347727708E+02  0.7520396510E+02  0.4851598280E+00  0.9109298619E+01  0.5242790934E+00  0.5242790934E+00  0.4851598280E+00  0.0000000000E+00  0.0000000000E+00  0.3020612940E+02 -0.2651418643E+01  0.1347727708E+02  0.0000000000E+00  0.0000000000E+00  0.0000000000E+00  0.4851598280E+00  0.9109298619E+01  0.5242790934E+00  0.0000000000E+00  0.0000000000E+00  0.0000000000E+00
50  0.2493425011E-05  0.7607980866E-05  0.1444087722E-04  0.1262388598E-04  0.8044336337E-05  0.5256125327E+00  0.4890379443E+00  0.3030971434E+02 -0.2663659736E+01  0.1352588711E+02  0.7643971510E+02  0.4890379443E+00  0.9145657355E+01  0.5256125327E+00  0.5256125327E+00  0.4890379443E+00  0.0000000000E+00  0.0000000000E+00  0.3030971434E+02 -0.2663659736E+01  0.1352588711E+02  0.0000000000E+00  0.0000000000E+00  0.0000000000E+00  0.4890379443E+00  0.9145657355E+01  0.5256125327E+00  0.0000000000E+00  0.0000000000E+00  0.0000000000E+00
51  0.2280568553E-05  0.7152150874E-05  0.1395772707E-04  0.1203860525E-04  0.7548396282E-05  0.5271465805E+00  0.4905780838E+00  0.3041104692E+02 -0.2671391319E+01  0.1357177142E+02  0.7765116510E+02  0.4905780838E+00  0.9180837509E+01  0.5271465805E+00  0.5271465805E+00  0.4905780838E+00  0.0000000000E+00  0.0000000000E+00  0.3041104692E+02 -0.2671391319E+01  0.1357177142E+02  0.0000000000E+00  0.0000000000E+00  0.0000000000E+00  0.4905780838E+00  0.9180837509E+01  0.5271465805E+00  0.0000000000E+00  0.0000000000E+00  0.0000000000E+00
52  0.2084424636E-05  0.6744489354E-05  0.1337078713E-04  0.1137909219E-04  0.6966360111E-05  0.5290764088E+00  0.4900048766E+00  0.3050942148E+02 -0.2674333886E+01  0.1361350104E+02  0.7889746510E+02  0.4900048766E+00  0.9214442570E+01  0.5290764088E+00  0.5290764088E+00  0.4900048766E+00  0.0000000000E+00  0.0000000000E+00  0.3050942148E+02 -0.2674333886E+01  0.1361350104E+02  0.0000000000E+00  0.0000000000E+00  0.0000000000E+00  0.4900048766E+00  0.9214442570E+01  0.5290764088E+00  0.0000000000E+00  0.0000000000E+00  0.0000000000E+00
53  0.1955056686E-05  0.6314860112E-05  0.1271859317E-04  0.1072656809E-04  0.6494426664E-05  0.5312416600E+00  0.4882903109E+00  0.3059819514E+02 -0.2673913986E+01  0.1364842135E+02  0.8010541510E+02  0.4882903109E+00  0.9244268763E+01  0.5312416600E+00  0.5312416600E+00  0.4882903109E+00  0.0000000000E+00  0.0000000000E+00  0.3059819514E+02 -0.2673913986E+01  0.1364842135E+02  0.0000000000E+00  0.0000000000E+00  0.0000000000E+00  0.4882903109E+00  0.9244268763E+01  0.5312416600E+00  0.0000000000E+00  0.0000000000E+00  0.0000000000E+00
54  0.1814218911E-05  0.5859462415E-05  0.1201557275E-04  0.1009570779E-04  0.6031300459E-05  0.5334692067E+00  0.4865050241E+00  0.3067780840E+02 -0.2672390465E+01  0.1367791297E+02  0.8134041510E+02  0.4865050241E+00  0.9270677106E+01  0.5334692067E+00  0.5334692067E+00  0.4865050241E+00  0.0000000000E+00  0.0000000000E+00  0.3067780840E+02 -0.2672390465E+01  0.1367791297E+02  0.0000000000E+00  0.0000000000E+00  0.0000000000E+00  0.4865050241E+00  0.9270677106E+01  0.5334692067E+00  0.0000000000E+00  0.0000000000E+00  0.0000000000E+00
55  0.1673873371E-05  0.5422042236E-05  0.1131512087E-04  0.9503990841E-05  0.5596566712E-05  0.5354623437E+00  0.4855455687E+00  0.3074641091E+02 -0.2671874473E+01  0.1370301660E+02  0.8254479010E+02  0.4855455687E+00  0.9293359707E+01  0.5354623437E+00  0.5354623437E+00  0.4855455687E+00  0.0000000000E+00  0.0000000000E+00  0.3074641091E+02 -0.2671874473E+01  0.1370301660E+02  0.0000000000E+00  0.0000000000E+00  0.0000000000E+00  0.4855455687E+00  0.9293359707E+01  0.5354623437E+00  0.0000000000E+00  0.0000000000E+00  0.0000000000E+00
56  0.1522532576E-05  0.5003886857E-05  0.1062824424E-04  0.8932558583E-05  0.5115204550E-05  0.5371472341E+00  0.4856552965E+00  0.3080809021E+02 -0.2673326442E+01  0.1372675383E+02  0.8378031510E+02  0.4856552965E+00  0.9313966258E+01  0.5371472341E+00  0.5371472341E+00  0.4856552965E+00  0.0000000000E+00  0.0000000000E+00  0.3080809021E+02 -0.2673326442E+01  0.1372675383E+02  0.0000000000E+00  0.0000000000E+00  0.0000000000E+00  0.4856552965E+00  0.9313966258E+01  0.5371472341E+00  0.0000000000E+00  0.0000000000E+00  0.0000000000E+00
57  0.1410862116E-05  0.4608148250E-05  0.9984803582E-05  0.8398128504E-05  0.4704154585E-05  0.5384818195E+00  0.4865950086E+00  0.3086403422E+02 -0.2676543515E+01  0.1375016652E+02  0.8497596510E+02  0.4865950086E+00  0.9333053299E+01  0.5384818195E+00  0.5384818195E+00  0.4865950086E+00  0.0000000000E+00  0.0000000000E+00  0.3086403422E+02 -0.2676543515E+01  0.1375016652E+02  0.0000000000E+00  0.0000000000E+00  0.0000000000E+00  0.4865950086E+00  0.9333053299E+01  0.5384818195E+00  0.0000000000E+00  0.0000000000E+00  0.0000000000E+00
58  0.1311140508E-05  0.4237713627E-05  0.9376997313E-05  0.7887683131E-05  0.4338482355E-05  0.5396045523E+00  0.4878522702E+00  0.3091785969E+02 -0.2680631307E+01  0.1377434435E+02  0.8619796510E+02  0.4878522702E+00  0.9351826050E+01  0.5396045523E+00  0.5396045523E+00  0.4878522702E+00  0.0000000000E+00  0.0000000000E+00  0.3091785969E+02 -0.2680631307E+01  0.1377434435E+02  0.0000000000E+00  0.0000000000E+00  0.0000000000E+00  0.4878522702E+00  0.9351826050E+01  0.5396045523E+00  0.0000000000E+00  0.0000000000E+00  0.0000000000E+00
59  0.1230921144E-05  0.3912419890E-05  0.8812813022E-05  0.7403504270E-05  0.4052606398E-05  0.5406110611E+00  0.4888952829E+00  0.3096901958E+02 -0.2684401011E+01  0.1379801849E+02  0.8738444010E+02  0.4888952829E+00  0.9369924614E+01  0.5406110611E+00  0.5406110611E+00  0.4888952829E+00  0.0000000000E+00  0.0000000000E+00  0.3096901958E+02 -0.2684401011E+01  0.1379801849E+02  0.0000000000E+00  0.0000000000E+00  0.0000000000E+00  0.4888952829E+00  0.9369924614E+01  0.5406110611E+00  0.0000000000E+00  0.0000000000E+00  0.0000000000E+00
60  0.1140341411E-05  0.3627332045E-05  0.8270654957E-05  0.6924967770E-05  0.3761497897E-05  0.5416205798E+00  0.4894641978E+00  0.3101839682E+02 -0.2687204042E+01  0.1382062417E+02  0.8861331510E+02  0.4894641978E+00  0.9387453771E+01  0.5416205798E+00  0.5416205798E+00  0.4894641978E+00  0.0000000000E+00  0.0000000000E+00  0.3101839682E+02 -0.2687204042E+01  0.1382062417E+02  0.0000000000E+00  0.0000000000E+00  0.0000000000E+00  0.4894641978E+00  0.9387453771E+01  0.5416205798E+00  0.0000000000E+00  0.0000000000E+00  0.0000000000E+00
61  0.1063028064E-05  0.3372060776E-05  0.7750442448E-05  0.6460306572E-05  0.3501594394E-05  0.5426344994E+00  0.4895580217E+00  0.3106381658E+02 -0.2688855909E+01  0.1384065190E+02  0.8980573177E+02  0.4895580217E+00  0.9403495330E+01  0.5426344994E+00  0.5426344994E+00  0.4895580217E+00  0.0000000000E+00  0.0000000000E+00  0.3106381658E+02 -0.2688855909E+01  0.1384065190E+02  0.0000000000E+00  0.0000000000E+00  0.0000000000E+00  0.4895580217E+00  0.9403495330E+01  0.5426344994E+00  0.0000000000E+00  0.0000000000E+00  0.0000000000E+00
62  0.9824599231E-06  0.3128806123E-05  0.7238038377E-05  0.6006906040E-05  0.3235048052E-05  0.5436311662E+00  0.4893901537E+00  0.3110475062E+02 -0.2689730305E+01  0.1385795991E+02  0.9098471510E+02  0.4893901537E+00  0.9417824993E+01  0.5436311662E+00  0.5436311662E+00  0.4893901537E+00  0.0000000000E+00  0.0000000000E+00  0.3110475062E+02 -0.2689730305E+01  0.1385795991E+02  0.0000000000E+00  0.0000000000E+00  0.0000000000E+00  0.4893901537E+00  0.9417824993E+01  0.5436311662E+00  0.0000000000E+00  0.0000000000E+00  0.0000000000E+00
63  0.9086429632E-06  0.2895186511E-05  0.6736608637E-05  0.5573193788E-05  0.2988441480E-05  0.5445668258E+00  0.4892064438E+00  0.3114118855E+02 -0.2690346285E+01  0.1387298473E+02  0.9215993802E+02  0.4892064438E+00  0.9430492862E+01  0.5445668258E+00  0.5445668258E+00  0.4892064438E+00  0.0000000000E+00  0.0000000000E+00  0.3114118855E+02 -0.2690346285E+01  0.1387298473E+02  0.0000000000E+00  0.0000000000E+00  0.0000000000E+00  0.4892064438E+00  0.9430492862E+01  0.5445668258E+00  0.0000000000E+00  0.0000000000E+00  0.0000000000E+00
64  0.8371201621E-06  0.2673251030E-05  0.6252753690E-05  0.5164004773E-05  0.2752163229E-05  0.5454405961E+00  0.4891648870E+00  0.3117491783E+02 -0.2691121647E+01  0.1388694609E+02  0.9333671510E+02  0.4891648870E+00  0.9442211710E+01  0.5454405961E+00  0.5454405961E+00  0.4891648870E+00  0.0000000000E+00  0.0000000000E+00  0.3117491783E+02 -0.2691121647E+01  0.1388694609E+02  0.0000000000E+00  0.0000000000E+00  0.0000000000E+00  0.4891648870E+00  0.9442211710E+01  0.5454405961E+00  0.0000000000E+00  0.0000000000E+00  0.0000000000E+00
65  0.7787116197E-06  0.2468560573E-05  0.5804433190E-05  0.4788613265E-05  0.2551496739E-05  0.5463873883E+00  0.4892046864E+00  0.3120545681E+02 -0.2692028855E+01  0.1389965288E+02  0.9458441510E+02  0.4892046864E+00  0.9453289060E+01  0.5463873883E+00  0.5463873883E+00  0.4892046864E+00  0.0000000000E+00  0.0000000000E+00  0.3120545681E+02 -0.2692028855E+01  0.1389965288E+02  0.0000000000E+00  0.0000000000E+00  0.0000000000E+00  0.4892046864E+00  0.9453289060E+01  0.5463873883E+00  0.0000000000E+00  0.0000000000E+00  0.0000000000E+00
66  0.7152492447E-06  0.2274769174E-05  0.5379216582E-05  0.4432084220E-05  0.2341111785E-05  0.5470058479E+00  0.4895069954E+00  0.3123093746E+02 -0.2693270935E+01  0.1391088800E+02  0.9583199010E+02  0.4895069954E+00  0.9462405437E+01  0.5470058479E+00  0.5470058479E+00  0.4895069954E+00  0.0000000000E+00  0.0000000000E+00  0.3123093746E+02 -0.2693270935E+01  0.1391088800E+02  0.0000000000E+00  0.0000000000E+00  0.0000000000E+00  0.4895069954E+00  0.9462405437E+01  0.5470058479E+00  0.0000000000E+00  0.0000000000E+00  0.0000000000E+00
67  0.6607571315E-06  0.2093011207E-05  0.4979953896E-05  0.4100702078E-05  0.2156243307E-05  0.5475538182E+00  0.4898390408E+00  0.3125456646E+02 -0.2694588137E+01  0.1392165939E+02  0.9707865573E+02  0.4898390408E+00  0.9470922911E+01  0.5475538182E+00  0.5475538182E+00  0.4898390408E+00  0.0000000000E+00  0.0000000000E+00  0.3125456646E+02 -0.2694588137E+01  0.1392165939E+02  0.0000000000E+00  0.0000000000E+00  0.0000000000E+00  0.4898390408E+00  0.9470922911E+01  0.5475538182E+00  0.0000000000E+00  0.0000000000E+00  0.0000000000E+00
68  0.6088919029E-06  0.1925456860E-05  0.4606964204E-05  0.3789586682E-05  0.1984475965E-05  0.5480993568E+00  0.4901007309E+00  0.3127838670E+02 -0.2695793552E+01  0.1393267231E+02  0.9834966510E+02  0.4901007309E+00  0.9479509713E+01  0.5480993568E+00  0.5480993568E+00  0.4901007309E+00  0.0000000000E+00  0.0000000000E+00  0.3127838670E+02 -0.2695793552E+01  0.1393267231E+02  0.0000000000E+00  0.0000000000E+00  0.0000000000E+00  0.4901007309E+00  0.9479509713E+01  0.5480993568E+00  0.0000000000E+00  0.0000000000E+00  0.0000000000E+00
69  0.5670889208E-06  0.1773966660E-05  0.4266142768E-05  0.3503199341E-05  0.1841089169E-05  0.5486228405E+00  0.4902543387E+00  0.3130080140E+02 -0.2696750674E+01  0.1394296609E+02  0.9959726510E+02  0.4902543387E+00  0.9487579950E+01  0.5486228405E+00  0.5486228405E+00  0.4902543387E+00  0.0000000000E+00  0.0000000000E+00  0.3130080140E+02 -0.2696750674E+01  0.1394296609E+02  0.0000000000E+00  0.0000000000E+00  0.0000000000E+00  0.4902543387E+00  0.9487579950E+01  0.5486228405E+00  0.0000000000E+00  0.0000000000E+00  0.0000000000E+00
70  0.5208754920E-06  0.1633086693E-05  0.3945322331E-05  0.3231742854E-05  0.1691137606E-05  0.5491196078E+00  0.4903251746E+00  0.3132132167E+02 -0.2697479126E+01  0.1395221229E+02  0.1008219401E+03  0.4903251746E+00  0.9494951182E+01  0.5491196078E+00  0.5491196078E+00  0.4903251746E+00  0.0000000000E+00  0.0000000000E+00  0.3132132167E+02 -0.2697479126E+01  0.1395221229E+02  0.0000000000E+00  0.0000000000E+00  0.0000000000E+00  0.4903251746E+00  0.9494951182E+01  0.5491196078E+00  0.0000000000E+00  0.0000000000E+00  0.0000000000E+00
71  0.4796764322E-06  0.1501606379E-05  0.3642710603E-05  0.2976619451E-05  0.1554583846E-05  0.5495786142E+00  0.4903609531E+00  0.3133975521E+02 -0.2698059385E+01  0.1396036569E+02  0.1020346891E+03  0.4903609531E+00  0.9501553524E+01  0.5495786142E+00  0.5495786142E+00  0.4903609531E+00  0.0000000000E+00  0.0000000000E+00  0.3133975521E+02 -0.2698059385E+01  0.1396036569E+02  0.0000000000E+00  0.0000000000E+00  0.0000000000E+00  0.4903609531E+00  0.9501553524E+01  0.5495786142E+00  0.0000000000E+00  0.0000000000E+00  0.0000000000E+00
72  0.4407082035E-06  0.1379204093E-05  0.3358132601E-05  0.2739049375E-05  0.1426188920E-05  0.5500068547E+00  0.4904040353E+00  0.3135676816E+02 -0.2698596673E+01  0.1396785374E+02  0.1032524120E+03  0.4904040353E+00  0.9507643595E+01  0.5500068547E+00  0.5500068547E+00  0.4904040353E+00  0.0000000000E+00  0.0000000000E+00  0.3135676816E+02 -0.2698596673E+01  0.1396785374E+02  0.0000000000E+00  0.0000000000E+00  0.0000000000E+00  0.4904040353E+00  0.9507643595E+01  0.5500068547E+00  0.0000000000E+00  0.0000000000E+00  0.0000000000E+00
73  0.4084382141E-06  0.1267232885E-05  0.3096221072E-05  0.2522589684E-05  0.1316887625E-05  0.5503843296E+00  0.4904766570E+00  0.3137189995E+02 -0.2699133802E+01  0.1397457306E+02  0.1044401901E+03  0.4904766570E+00  0.9513073054E+01  0.5503843296E+00  0.5503843296E+00  0.4904766570E+00  0.0000000000E+00  0.0000000000E+00  0.3137189995E+02 -0.2699133802E+01  0.1397457306E+02  0.0000000000E+00  0.0000000000E+00  0.0000000000E+00  0.4904766570E+00  0.9513073054E+01  0.5503843296E+00  0.0000000000E+00  0.0000000000E+00  0.0000000000E+00
74  0.3739423298E-06  0.1162915155E-05  0.2850766384E-05  0.2320299111E-05  0.1205390859E-05  0.5507207960E+00  0.4905734886E+00  0.3138560058E+02 -0.2699684065E+01  0.1398078729E+02  0.1056313901E+03  0.4905734886E+00  0.9518018937E+01  0.5507207960E+00  0.5507207960E+00  0.4905734886E+00  0.0000000000E+00  0.0000000000E+00  0.3138560058E+02 -0.2699684065E+01  0.1398078729E+02  0.0000000000E+00  0.0000000000E+00  0.0000000000E+00  0.4905734886E+00  0.9518018937E+01  0.5507207960E+00  0.0000000000E+00  0.0000000000E+00  0.0000000000E+00
75  0.3435893073E-06  0.1065996531E-05  0.2621948081E-05  0.2132202116E-05  0.1105253416E-05  0.5510257950E+00  0.4906754359E+00  0.3139814480E+02 -0.2700221288E+01  0.1398659071E+02  0.1068220151E+03  0.4906754359E+00  0.9522579378E+01  0.5510257950E+00  0.5510257950E+00  0.4906754359E+00  0.0000000000E+00  0.0000000000E+00  0.3139814480E+02 -0.2700221288E+01  0.1398659071E+02  0.0000000000E+00  0.0000000000E+00  0.0000000000E+00  0.4906754359E+00  0.9522579378E+01  0.5510257950E+00  0.0000000000E+00  0.0000000000E+00  0.0000000000E+00
76  0.3153404470E-06  0.9764533571E-06  0.2409872985E-05  0.1958117774E-05  0.1012505319E-05  0.5513147865E+00  0.4907655712E+00  0.3141000862E+02 -0.2700721803E+01  0.1399213018E+02  0.1080466651E+03  0.4907655712E+00  0.9526915440E+01  0.5513147865E+00  0.5513147865E+00  0.4907655712E+00  0.0000000000E+00  0.0000000000E+00  0.3141000862E+02 -0.2700721803E+01  0.1399213018E+02  0.0000000000E+00  0.0000000000E+00  0.0000000000E+00  0.4907655712E+00  0.9526915440E+01  0.5513147865E+00  0.0000000000E+00  0.0000000000E+00  0.0000000000E+00
77  0.2917755655E-06  0.8950024514E-06  0.2216776889E-05  0.1799569118E-05  0.9334405443E-06  0.5515783731E+00  0.4908333608E+00  0.3142073019E+02 -0.2701146630E+01  0.1399711210E+02  0.1092344901E+03  0.4908333608E+00  0.9530839542E+01  0.5515783731E+00  0.5515783731E+00  0.4908333608E+00  0.0000000000E+00  0.0000000000E+00  0.3142073019E+02 -0.2701146630E+01  0.1399711210E+02  0.0000000000E+00  0.0000000000E+00  0.0000000000E+00  0.4908333608E+00  0.9530839542E+01  0.5515783731E+00  0.0000000000E+00  0.0000000000E+00  0.0000000000E+00
78  0.2667826075E-06  0.8195287636E-06  0.2037345179E-05  0.1651589298E-05  0.8532635197E-06  0.5518195749E+00  0.4908841315E+00  0.3143041588E+02 -0.2701506827E+01  0.1400159063E+02  0.1104132651E+03  0.4908841315E+00  0.9534385743E+01  0.5518195749E+00  0.5518195749E+00  0.4908841315E+00  0.0000000000E+00  0.0000000000E+00  0.3143041588E+02 -0.2701506827E+01  0.1400159063E+02  0.0000000000E+00  0.0000000000E+00  0.0000000000E+00  0.4908841315E+00  0.9534385743E+01  0.5518195749E+00  0.0000000000E+00  0.0000000000E+00  0.0000000000E+00
79  0.2445757716E-06  0.7495562894E-06  0.1870679632E-05  0.1514202914E-05  0.7807597118E-06  0.5520395800E+00  0.4909276607E+00  0.3143916084E+02 -0.2701824034E+01  0.1400563720E+02  0.1115914151E+03  0.4909276607E+00  0.9537591498E+01  0.5520395800E+00  0.5520395800E+00  0.4909276607E+00  0.0000000000E+00  0.0000000000E+00  0.3143916084E+02 -0.2701824034E+01  0.1400563720E+02  0.0000000000E+00  0.0000000000E+00  0.0000000000E+00  0.4909276607E+00  0.9537591498E+01  0.5520395800E+00  0.0000000000E+00  0.0000000000E+00  0.0000000000E+00
80  0.2238940706E-06  0.6849249853E-06  0.1716331260E-05  0.1387421664E-05  0.7133968488E-06  0.5522450701E+00  0.4909715109E+00  0.3144728968E+02 -0.2702122652E+01  0.1400942397E+02  0.1127950151E+03  0.4909715109E+00  0.9540580459E+01  0.5522450701E+00  0.5522450701E+00  0.4909715109E+00  0.0000000000E+00  0.0000000000E+00  0.3144728968E+02 -0.2702122652E+01  0.1400942397E+02  0.0000000000E+00  0.0000000000E+00  0.0000000000E+00  0.4909715109E+00  0.9540580459E+01  0.5522450701E+00  0.0000000000E+00  0.0000000000E+00  0.0000000000E+00
81  0.2064993894E-06  0.6260691478E-06  0.1575634961E-05  0.1272257652E-05  0.6555369083E-06  0.5524289656E+00  0.4910170201E+00  0.3145457921E+02 -0.2702400690E+01  0.1401283932E+02  0.1139666151E+03  0.4910170201E+00  0.9543269010E+01  0.5524289656E+00  0.5524289656E+00  0.4910170201E+00  0.0000000000E+00  0.0000000000E+00  0.3145457921E+02 -0.2702400690E+01  0.1401283932E+02  0.0000000000E+00  0.0000000000E+00  0.0000000000E+00  0.4910170201E+00  0.9543269010E+01  0.5524289656E+00  0.0000000000E+00  0.0000000000E+00  0.0000000000E+00
82  0.1884570783E-06  0.5717289472E-06  0.1445221107E-05  0.1165377477E-05  0.5977665509E-06  0.5525959575E+00  0.4910621744E+00  0.3146117408E+02 -0.2702660665E+01  0.1401595543E+02  0.1153230151E+03  0.4910621744E+00  0.9545713131E+01  0.5525959575E+00  0.5525959575E+00  0.4910621744E+00  0.0000000000E+00  0.0000000000E+00  0.3146117408E+02 -0.2702660665E+01  0.1401595543E+02  0.0000000000E+00  0.0000000000E+00  0.0000000000E+00  0.4910621744E+00  0.9545713131E+01  0.5525959575E+00  0.0000000000E+00  0.0000000000E+00  0.0000000000E+00
83  0.1724493614E-06  0.5216232294E-06  0.1324612032E-05  0.1066541060E-05  0.5457859289E-06  0.5527555363E+00  0.4911005960E+00  0.3146714256E+02 -0.2702894529E+01  0.1401879668E+02  0.1165704151E+03  0.4911005960E+00  0.9547953892E+01  0.5527555363E+00  0.5527555363E+00  0.4911005960E+00  0.0000000000E+00  0.0000000000E+00  0.3146714256E+02 -0.2702894529E+01  0.1401879668E+02  0.0000000000E+00  0.0000000000E+00  0.0000000000E+00  0.4911005960E+00  0.9547953892E+01  0.5527555363E+00  0.0000000000E+00  0.0000000000E+00  0.0000000000E+00
84  0.1576322088E-06  0.4755498170E-06  0.1213312772E-05  0.9755095287E-06  0.4977399294E-06  0.5528945833E+00  0.4911399694E+00  0.3147260685E+02 -0.2703112478E+01  0.1402142221E+02  0.1178519151E+03  0.4911399694E+00  0.9550002552E+01  0.5528945833E+00  0.5528945833E+00  0.4911399694E+00  0.0000000000E+00  0.0000000000E+00  0.3147260685E+02 -0.2703112478E+01  0.1402142221E+02  0.0000000000E+00  0.0000000000E+00  0.0000000000E+00  0.4911399694E+00  0.9550002552E+01  0.5528945833E+00  0.0000000000E+00  0.0000000000E+00  0.0000000000E+00
85  0.1450471376E-06  0.4336936653E-06  0.1111983010E-05  0.8929497354E-06  0.4563226602E-06  0.5530202782E+00  0.4911737902E+00  0.3147753825E+02 -0.2703305788E+01  0.1402379268E+02  0.1190644651E+03  0.4911737902E+00  0.9551852137E+01  0.5530202782E+00  0.5530202782E+00  0.4911737902E+00  0.0000000000E+00  0.0000000000E+00  0.3147753825E+02 -0.2703305788E+01  0.1402379268E+02  0.0000000000E+00  0.0000000000E+00  0.0000000000E+00  0.4911737902E+00  0.9551852137E+01  0.5530202782E+00  0.0000000000E+00  0.0000000000E+00  0.0000000000E+00
86  0.1321285967E-06  0.3951651491E-06  0.1018232676E-05  0.8164366289E-06  0.4152751057E-06  0.5531351576E+00  0.4912034440E+00  0.3148203333E+02 -0.2703479278E+01  0.1402596299E+02  0.1202791151E+03  0.4912034440E+00  0.9553539888E+01  0.5531351576E+00  0.5531351576E+00  0.4912034440E+00  0.0000000000E+00  0.0000000000E+00  0.3148203333E+02 -0.2703479278E+01  0.1402596299E+02  0.0000000000E+00  0.0000000000E+00  0.0000000000E+00  0.4912034440E+00  0.9553539888E+01  0.5531351576E+00  0.0000000000E+00  0.0000000000E+00  0.0000000000E+00
87  0.1206891443E-06  0.3597381158E-06  0.9316425523E-06  0.7458577453E-06  0.3784033013E-06  0.5532398566E+00  0.4912306732E+00  0.3148611383E+02 -0.2703637042E+01  0.1402794593E+02  0.1214825901E+03  0.4912306732E+00  0.9555076875E+01  0.5532398566E+00  0.5532398566E+00  0.4912306732E+00  0.0000000000E+00  0.0000000000E+00  0.3148611383E+02 -0.2703637042E+01  0.1402794593E+02  0.0000000000E+00  0.0000000000E+00  0.0000000000E+00  0.4912306732E+00  0.9555076875E+01  0.5532398566E+00  0.0000000000E+00  0.0000000000E+00  0.0000000000E+00
88  0.1101095082E-06  0.3272959102E-06  0.8518812848E-06  0.6810559397E-06  0.3444270911E-06  0.5533371119E+00  0.4912564840E+00  0.3148989137E+02 -0.2703783692E+01  0.1402979316E+02  0.1227219151E+03  0.4912564840E+00  0.9556505714E+01  0.5533371119E+00  0.5533371119E+00  0.4912564840E+00  0.0000000000E+00  0.0000000000E+00  0.3148989137E+02 -0.2703783692E+01  0.1402979316E+02  0.0000000000E+00  0.0000000000E+00  0.0000000000E+00  0.4912564840E+00  0.9556505714E+01  0.5533371119E+00  0.0000000000E+00  0.0000000000E+00  0.0000000000E+00
89  0.1010855045E-06  0.2979052355E-06  0.7793134617E-06  0.6222785253E-06  0.3150568268E-06  0.5534240723E+00  0.4912802279E+00  0.3149326799E+02 -0.2703915152E+01  0.1403144704E+02  0.1239689151E+03  0.4912802279E+00  0.9557786448E+01  0.5534240723E+00  0.5534240723E+00  0.4912802279E+00  0.0000000000E+00  0.0000000000E+00  0.3149326799E+02 -0.2703915152E+01  0.1403144704E+02  0.0000000000E+00  0.0000000000E+00  0.0000000000E+00  0.4912802279E+00  0.9557786448E+01  0.5534240723E+00  0.0000000000E+00  0.0000000000E+00  0.0000000000E+00
90  0.9196270467E-07  0.2709775237E-06  0.7123591405E-06  0.5680193851E-06  0.2862781527E-06  0.5535033527E+00  0.4913023388E+00  0.3149634236E+02 -0.2704035480E+01  0.1403296309E+02  0.1251990151E+03  0.4913023388E+00  0.9558956895E+01  0.5535033527E+00  0.5535033527E+00  0.4913023388E+00  0.0000000000E+00  0.0000000000E+00  0.3149634236E+02 -0.2704035480E+01  0.1403296309E+02  0.0000000000E+00  0.0000000000E+00  0.0000000000E+00  0.4913023388E+00  0.9558956895E+01  0.5535033527E+00  0.0000000000E+00  0.0000000000E+00  0.0000000000E+00
91  0.8410959909E-07  0.2464088510E-06  0.6509919086E-06  0.5183953737E-06  0.2610763024E-06  0.5535748462E+00  0.4913225635E+00  0.3149910809E+02 -0.2704144205E+01  0.1403433680E+02  0.1263942151E+03  0.4913225635E+00  0.9560013921E+01  0.5535748462E+00  0.5535748462E+00  0.4913225635E+00  0.0000000000E+00  0.0000000000E+00  0.3149910809E+02 -0.2704144205E+01  0.1403433680E+02  0.0000000000E+00  0.0000000000E+00  0.0000000000E+00  0.4913225635E+00  0.9560013921E+01  0.5535748462E+00  0.0000000000E+00  0.0000000000E+00  0.0000000000E+00
92  0.7654646567E-07  0.2239327261E-06  0.5945208875E-06  0.4728149292E-06  0.2371908026E-06  0.5536396476E+00  0.4913410771E+00  0.3150160521E+02 -0.2704242812E+01  0.1403558733E+02  0.1275911901E+03  0.4913410771E+00  0.9560972375E+01  0.5536396476E+00  0.5536396476E+00  0.4913410771E+00  0.0000000000E+00  0.0000000000E+00  0.3150160521E+02 -0.2704242812E+01  0.1403558733E+02  0.0000000000E+00  0.0000000000E+00  0.0000000000E+00  0.4913410771E+00  0.9560972375E+01  0.5536396476E+00  0.0000000000E+00  0.0000000000E+00  0.0000000000E+00
93  0.6977790507E-07  0.2034037414E-06  0.5426666799E-06  0.4310379212E-06  0.2156963273E-06  0.5536983923E+00  0.4913580283E+00  0.3150385998E+02 -0.2704332125E+01  0.1403672458E+02  0.1287879901E+03  0.4913580283E+00  0.9561841460E+01  0.5536983923E+00  0.5536983923E+00  0.4913580283E+00  0.0000000000E+00  0.0000000000E+00  0.3150385998E+02 -0.2704332125E+01  0.1403672458E+02  0.0000000000E+00  0.0000000000E+00  0.0000000000E+00  0.4913580283E+00  0.9561841460E+01  0.5536983923E+00  0.0000000000E+00  0.0000000000E+00  0.0000000000E+00
94  0.6354308694E-07  0.1846794215E-06  0.4951153153E-06  0.3927939587E-06  0.1959822324E-06  0.5537515517E+00  0.4913735751E+00  0.3150589399E+02 -0.2704412901E+01  0.1403775658E+02  0.1299874729E+03  0.4913735751E+00  0.9562628542E+01  0.5537515517E+00  0.5537515517E+00  0.4913735751E+00  0.0000000000E+00  0.0000000000E+00  0.3150589399E+02 -0.2704412901E+01  0.1403775658E+02  0.0000000000E+00  0.0000000000E+00  0.0000000000E+00  0.4913735751E+00  0.9562628542E+01  0.5537515517E+00  0.0000000000E+00  0.0000000000E+00  0.0000000000E+00
95  0.5786317922E-07  0.1676137755E-06  0.4515453609E-06  0.3577953520E-06  0.1780483097E-06  0.5537995955E+00  0.4913878613E+00  0.3150772791E+02 -0.2704485960E+01  0.1403869247E+02  0.1311771901E+03  0.4913878613E+00  0.9563340937E+01  0.5537995955E+00  0.5537995955E+00  0.4913878613E+00  0.0000000000E+00  0.0000000000E+00  0.3150772791E+02 -0.2704485960E+01  0.1403869247E+02  0.0000000000E+00  0.0000000000E+00  0.0000000000E+00  0.4913878613E+00  0.9563340937E+01  0.5537995955E+00  0.0000000000E+00  0.0000000000E+00  0.0000000000E+00
96  0.5266317715E-07  0.1520669681E-06  0.4116483000E-06  0.3257837776E-06  0.1616771618E-06  0.5538445171E+00  0.4914012165E+00  0.3150943707E+02 -0.2704553884E+01  0.1403957105E+02  0.1324044651E+03  0.4914012165E+00  0.9564007894E+01  0.5538445171E+00  0.5538445171E+00  0.4914012165E+00  0.0000000000E+00  0.0000000000E+00  0.3150943707E+02 -0.2704553884E+01  0.1403957105E+02  0.0000000000E+00  0.0000000000E+00  0.0000000000E+00  0.4914012165E+00  0.9564007894E+01  0.5538445171E+00  0.0000000000E+00  0.0000000000E+00  0.0000000000E+00
97  0.4829742086E-07  0.1380625281E-06  0.3756413378E-06  0.2969532163E-06  0.1477309401E-06  0.5538846070E+00  0.4914131515E+00  0.3151096065E+02 -0.2704614054E+01  0.1404035527E+02  0.1335929651E+03  0.4914131515E+00  0.9564604061E+01  0.5538846070E+00  0.5538846070E+00  0.4914131515E+00  0.0000000000E+00  0.0000000000E+00  0.3151096065E+02 -0.2704614054E+01  0.1404035527E+02  0.0000000000E+00  0.0000000000E+00  0.0000000000E+00  0.4914131515E+00  0.9564604061E+01  0.5538846070E+00  0.0000000000E+00  0.0000000000E+00  0.0000000000E+00
98  0.4380357814E-07  0.1252744695E-06  0.3425811173E-06  0.2704316956E-06  0.1338596382E-06  0.5539207743E+00  0.4914241136E+00  0.3151233064E+02 -0.2704668497E+01  0.1404106617E+02  0.1347863151E+03  0.4914241136E+00  0.9565142469E+01  0.5539207743E+00  0.5539207743E+00  0.4914241136E+00  0.0000000000E+00  0.0000000000E+00  0.3151233064E+02 -0.2704668497E+01  0.1404106617E+02  0.0000000000E+00  0.0000000000E+00  0.0000000000E+00  0.4914241136E+00  0.9565142469E+01  0.5539207743E+00  0.0000000000E+00  0.0000000000E+00  0.0000000000E+00
99  0.3987728741E-07  0.1136007786E-06  0.3122918492E-06  0.2461680595E-06  0.1215674142E-06  0.5539535450E+00  0.4914343112E+00  0.3151356635E+02 -0.2704718170E+01  0.1404171435E+02  0.1359819302E+03  0.4914343112E+00  0.9565630779E+01  0.5539535450E+00  0.5539535450E+00  0.4914343112E+00  0.0000000000E+00  0.0000000000E+00  0.3151356635E+02 -0.2704718170E+01  0.1404171435E+02  0.0000000000E+00  0.0000000000E+00  0.0000000000E+00  0.4914343112E+00  0.9565630779E+01  0.5539535450E+00  0.0000000000E+00  0.0000000000E+00  0.0000000000E+00
100  0.3626402995E-07  0.1029815977E-06  0.2846216712E-06  0.2240644352E-06  0.1103000772E-06  0.5539832236E+00  0.4914437574E+00  0.3151468093E+02 -0.2704763351E+01  0.1404230439E+02  0.1371720151E+03  0.4914437574E+00  0.9566073570E+01  0.5539832236E+00  0.5539832236E+00  0.4914437574E+00  0.0000000000E+00  0.0000000000E+00  0.3151468093E+02 -0.2704763351E+01  0.1404230439E+02  0.0000000000E+00  0.0000000000E+00  0.0000000000E+00  0.4914437574E+00  0.9566073570E+01  0.5539832236E+00  0.0000000000E+00  0.0000000000E+00  0.0000000000E+00
