TITLE="fun3d_case_title"
VARIABLES="Iteration" "R_1" "R_2" "R_3" "R_4" "R_5" "C_L" "C_D" "C_M_x" "C_M_y" "C_M_z" "Wall Time" "C_x" "C_y" "C_z" "C_Lp" "C_Dp" "C_Lv" "C_Dv" "C_M_xp" "C_M_yp" "C_M_zp" "C_M_xv" "C_M_yv" "C_M_zv" "C_xp" "C_yp" "C_zp" "C_xv" "C_yv" "C_zv"
ZONE  I=100 F=POINT
1  0.3166763202E-03  0.1581211632E-03  0.2353038062E-14  0.8286779019E-05  0.8312753406E-03 -0.6234698349E-02  0.9143643943E-01  0.4902306289E-01 -0.6108714281E+00  0.3566772889E+00  0.1035955000E+02  0.9163742787E-01  0.7351358261E-02 -0.1440740418E-02 -0.6234698349E-02  0.9143643943E-01  0.0000000000E+00  0.0000000000E+00  0.4902306289E-01 -0.6108714281E+00  0.3566772889E+00  0.0000000000E+00  0.0000000000E+00  0.0000000000E+00  0.9163742787E-01  0.7351358261E-02 -0.1440740418E-02  0.0000000000E+00  0.0000000000E+00  0.0000000000E+00
2  0.2739399242E-03  0.1245474784E-03  0.9114937279E-04  0.9265507872E-05  0.7210915374E-03 -0.1301897798E-01  0.1948153482E+00  0.3635409664E-01 -0.1301505267E+01  0.7214700867E+00  0.1292080000E+02  0.1952297212E+00  0.5539707141E-02 -0.2805288387E-02 -0.1301897798E-01  0.1948153482E+00  0.0000000000E+00  0.0000000000E+00  0.3635409664E-01 -0.1301505267E+01  0.7214700867E+00  0.0000000000E+00  0.0000000000E+00  0.0000000000E+00  0.1952297212E+00  0.5539707141E-02 -0.2805288387E-02  0.0000000000E+00  0.0000000000E+00  0.0000000000E+00
3  0.2325251242E-03  0.1096494642E-03  0.1853625845E-03  0.1362576715E-04  0.6139975679E-03 -0.1793496183E-01  0.2714840034E+00  0.2343162650E-01 -0.1811844784E+01  0.9684457342E+00  0.1547100000E+02  0.2720505874E+00  0.2940351083E-02 -0.3702007663E-02 -0.1793496183E-01  0.2714840034E+00  0.0000000000E+00  0.0000000000E+00  0.2343162650E-01 -0.1811844784E+01  0.9684457342E+00  0.0000000000E+00  0.0000000000E+00  0.0000000000E+00  0.2720505874E+00  0.2940351083E-02 -0.3702007663E-02  0.0000000000E+00  0.0000000000E+00  0.0000000000E+00
4  0.2087407196E-03  0.1271893338E-03  0.2508779908E-03  0.1710746603E-04  0.5490955776E-03 -0.1976536049E-01  0.2984488776E+00  0.1145895471E+00 -0.1989027215E+01  0.1062142229E+01  0.1802000000E+02  0.2990743028E+00  0.1430356376E-01 -0.4118665346E-02 -0.1976536049E-01  0.2984488776E+00  0.0000000000E+00  0.0000000000E+00  0.1145895471E+00 -0.1989027215E+01  0.1062142229E+01  0.0000000000E+00  0.0000000000E+00  0.0000000000E+00  0.2990743028E+00  0.1430356376E-01 -0.4118665346E-02  0.0000000000E+00  0.0000000000E+00  0.0000000000E+00
5  0.2103742612E-03  0.1586479674E-03  0.2774733706E-03  0.2311025634E-04  0.5437180619E-03 -0.1856325494E-01  0.2738743969E+00  0.3595939290E+00 -0.1821666124E+01  0.1024533910E+01  0.2060360000E+02  0.2744705873E+00  0.4698679686E-01 -0.4204336190E-02 -0.1856325494E-01  0.2738743969E+00  0.0000000000E+00  0.0000000000E+00  0.3595939290E+00 -0.1821666124E+01  0.1024533910E+01  0.0000000000E+00  0.0000000000E+00  0.0000000000E+00  0.2744705873E+00  0.4698679686E-01 -0.4204336190E-02  0.0000000000E+00  0.0000000000E+00  0.0000000000E+00
6  0.2273977517E-03  0.1946584719E-03  0.2884685968E-03  0.3692678367E-04  0.5749975180E-03 -0.1566498284E-01  0.2190680413E+00  0.7026701201E+00 -0.1452074525E+01  0.9281984837E+00  0.2322760000E+02  0.2195876580E+00  0.9331485502E-01 -0.4178379104E-02 -0.1566498284E-01  0.2190680413E+00  0.0000000000E+00  0.0000000000E+00  0.7026701201E+00 -0.1452074525E+01  0.9281984837E+00  0.0000000000E+00  0.0000000000E+00  0.0000000000E+00  0.2195876580E+00  0.9331485502E-01 -0.4178379104E-02  0.0000000000E+00  0.0000000000E+00  0.0000000000E+00
7  0.2293445794E-03  0.2276508307E-03  0.3011201338E-03  0.5597381090E-04  0.5611645226E-03 -0.1293434365E-01  0.1621859594E+00  0.1103780391E+01 -0.1066444247E+01  0.8665519771E+00  0.2586570000E+02  0.1626406204E+00  0.1478700683E+00 -0.4428460313E-02 -0.1293434365E-01  0.1621859594E+00  0.0000000000E+00  0.0000000000E+00  0.1103780391E+01 -0.1066444247E+01  0.8665519771E+00  0.0000000000E+00  0.0000000000E+00  0.0000000000E+00  0.1626406204E+00  0.1478700683E+00 -0.4428460313E-02  0.0000000000E+00  0.0000000000E+00  0.0000000000E+00
8  0.2297771753E-03  0.2561948739E-03  0.3086562030E-03  0.8190639899E-04  0.5410565248E-03 -0.1141314330E-01  0.1187660135E+00  0.1518397018E+01 -0.7724138238E+00  0.8714483683E+00  0.2852140000E+02  0.1192005666E+00  0.2061235568E+00 -0.5181769101E-02 -0.1141314330E-01  0.1187660135E+00  0.0000000000E+00  0.0000000000E+00  0.1518397018E+01 -0.7724138238E+00  0.8714483683E+00  0.0000000000E+00  0.0000000000E+00  0.0000000000E+00  0.1192005666E+00  0.2061235568E+00 -0.5181769101E-02  0.0000000000E+00  0.0000000000E+00  0.0000000000E+00
9  0.2434347402E-03  0.2774950928E-03  0.3086613845E-03  0.1130429828E-03  0.5617661313E-03 -0.1102865244E-01  0.8898959162E-01  0.1915961219E+01 -0.5738092978E+00  0.9175736944E+00  0.3120160000E+02  0.8944482955E-01  0.2638879118E+00 -0.6356182683E-02 -0.1102865244E-01  0.8898959162E-01  0.0000000000E+00  0.0000000000E+00  0.1915961219E+01 -0.5738092978E+00  0.9175736944E+00  0.0000000000E+00  0.0000000000E+00  0.0000000000E+00  0.8944482955E-01  0.2638879118E+00 -0.6356182683E-02  0.0000000000E+00  0.0000000000E+00  0.0000000000E+00
10  0.2615052191E-03  0.2848133746E-03  0.3037922330E-03  0.1409533978E-03  0.5965800206E-03 -0.1111713611E-01  0.6686910783E-01  0.2268572982E+01 -0.4310515587E+00  0.9674262210E+00  0.3389880000E+02  0.6735929199E-01  0.3169873626E+00 -0.7602241762E-02 -0.1111713611E-01  0.6686910783E-01  0.0000000000E+00  0.0000000000E+00  0.2268572982E+01 -0.4310515587E+00  0.9674262210E+00  0.0000000000E+00  0.0000000000E+00  0.0000000000E+00  0.6735929199E-01  0.3169873626E+00 -0.7602241762E-02  0.0000000000E+00  0.0000000000E+00  0.0000000000E+00
11  0.2778146643E-03  0.2793466402E-03  0.2993392002E-03  0.1608538326E-03  0.6301507748E-03 -0.1090238825E-01  0.4766992636E-01  0.2523688667E+01 -0.3110083013E+00  0.9895718524E+00  0.3650940000E+02  0.4817518330E-01  0.3574375178E+00 -0.8392595724E-02 -0.1090238825E-01  0.4766992636E-01  0.0000000000E+00  0.0000000000E+00  0.2523688667E+01 -0.3110083013E+00  0.9895718524E+00  0.0000000000E+00  0.0000000000E+00  0.0000000000E+00  0.4817518330E-01  0.3574375178E+00 -0.8392595724E-02  0.0000000000E+00  0.0000000000E+00  0.0000000000E+00
12  0.2882366006E-03  0.2853942774E-03  0.3142644570E-03  0.1860887236E-03  0.6604143581E-03 -0.9820056888E-02  0.3038659632E-01  0.2634943147E+01 -0.2054297835E+00  0.9667532487E+00  0.3914720000E+02  0.3085889461E-01  0.3769900148E+00 -0.8216287266E-02 -0.9820056888E-02  0.3038659632E-01  0.0000000000E+00  0.0000000000E+00  0.2634943147E+01 -0.2054297835E+00  0.9667532487E+00  0.0000000000E+00  0.0000000000E+00  0.0000000000E+00  0.3085889461E-01  0.3769900148E+00 -0.8216287266E-02  0.0000000000E+00  0.0000000000E+00  0.0000000000E+00
13  0.2847493465E-03  0.3195991423E-03  0.3577627258E-03  0.2321714281E-03  0.6606269125E-03 -0.7691421227E-02  0.1591682959E-01  0.2588181925E+01 -0.1192957371E+00  0.9004294170E+00  0.4181510000E+02  0.1629755401E-01  0.3722209498E+00 -0.6847857905E-02 -0.7691421227E-02  0.1591682959E-01  0.0000000000E+00  0.0000000000E+00  0.2588181925E+01 -0.1192957371E+00  0.9004294170E+00  0.0000000000E+00  0.0000000000E+00  0.0000000000E+00  0.1629755401E-01  0.3722209498E+00 -0.6847857905E-02  0.0000000000E+00  0.0000000000E+00  0.0000000000E+00
14  0.2686191604E-03  0.3526217934E-03  0.4022925840E-03  0.2810074216E-03  0.6190253070E-03 -0.3639006860E-02  0.6407640807E-02  0.2488816419E+01 -0.7116534758E-01  0.8102645219E+00  0.4445670000E+02  0.6589310262E-02  0.3501309489E+00 -0.3298669719E-02 -0.3639006860E-02  0.6407640807E-02  0.0000000000E+00  0.0000000000E+00  0.2488816419E+01 -0.7116534758E-01  0.8102645219E+00  0.0000000000E+00  0.0000000000E+00  0.0000000000E+00  0.6589310262E-02  0.3501309489E+00 -0.3298669719E-02  0.0000000000E+00  0.0000000000E+00  0.0000000000E+00
15  0.2537335472E-03  0.3587723503E-03  0.4269733091E-03  0.3067448045E-03  0.5792269092E-03 -0.7610871028E-03  0.2014043533E-02  0.2252567741E+01 -0.4989044335E-01  0.7151144345E+00  0.4703950000E+02  0.2051115578E-02  0.3128808239E+00 -0.6546371651E-03 -0.7610871028E-03  0.2014043533E-02  0.0000000000E+00  0.0000000000E+00  0.2252567741E+01 -0.4989044335E-01  0.7151144345E+00  0.0000000000E+00  0.0000000000E+00  0.0000000000E+00  0.2051115578E-02  0.3128808239E+00 -0.6546371651E-03  0.0000000000E+00  0.0000000000E+00  0.0000000000E+00
16  0.2514070154E-03  0.3523506501E-03  0.4542656129E-03  0.3154903240E-03  0.5889021066E-03  0.1322220706E-02  0.3123480676E-02  0.2030825165E+01 -0.6198646440E-01  0.6459917771E+00  0.4973200000E+02  0.3050000369E-02  0.2775893277E+00  0.1483878996E-02  0.1322220706E-02  0.3123480676E-02  0.0000000000E+00  0.0000000000E+00  0.2030825165E+01 -0.6198646440E-01  0.6459917771E+00  0.0000000000E+00  0.0000000000E+00  0.0000000000E+00  0.3050000369E-02  0.2775893277E+00  0.1483878996E-02  0.0000000000E+00  0.0000000000E+00  0.0000000000E+00
17  0.2529413709E-03  0.3514857879E-03  0.5137483242E-03  0.3373527114E-03  0.6042216418E-03  0.2650635360E-02  0.8262495426E-02  0.1790813231E+01 -0.9524062788E-01  0.6087463610E+00  0.5239230000E+02  0.8112448427E-02  0.2463083982E+00  0.3079428355E-02  0.2650635360E-02  0.8262495426E-02  0.0000000000E+00  0.0000000000E+00  0.1790813231E+01 -0.9524062788E-01  0.6087463610E+00  0.0000000000E+00  0.0000000000E+00  0.0000000000E+00  0.8112448427E-02  0.2463083982E+00  0.3079428355E-02  0.0000000000E+00  0.0000000000E+00  0.0000000000E+00
18  0.2505225184E-03  0.3525800151E-03  0.5832335356E-03  0.3769444328E-03  0.5869566429E-03  0.1344189560E-02  0.1657227799E-01  0.1794223156E+01 -0.1468397213E+00  0.6328885152E+00  0.5505260000E+02  0.1647921681E-01  0.2430905515E+00  0.2209673411E-02  0.1344189560E-02  0.1657227799E-01  0.0000000000E+00  0.0000000000E+00  0.1794223156E+01 -0.1468397213E+00  0.6328885152E+00  0.0000000000E+00  0.0000000000E+00  0.0000000000E+00  0.1647921681E-01  0.2430905515E+00  0.2209673411E-02  0.0000000000E+00  0.0000000000E+00  0.0000000000E+00
19  0.2392998334E-03  0.3399636002E-03  0.6244041774E-03  0.4046642828E-03  0.5458991979E-03 -0.1277239324E-02  0.2576664861E-01  0.2009808035E+01 -0.1996924426E+00  0.7144021527E+00  0.5766890000E+02  0.2579818186E-01  0.2695017266E+00  0.7303328281E-04 -0.1277239324E-02  0.2576664861E-01  0.0000000000E+00  0.0000000000E+00  0.2009808035E+01 -0.1996924426E+00  0.7144021527E+00  0.0000000000E+00  0.0000000000E+00  0.0000000000E+00  0.2579818186E-01  0.2695017266E+00  0.7303328281E-04  0.0000000000E+00  0.0000000000E+00  0.0000000000E+00
20  0.2231773730E-03  0.3100762331E-03  0.6282734788E-03  0.4037921519E-03  0.5181373307E-03 -0.4008604392E-02  0.3215966030E-01  0.2206681428E+01 -0.2322392182E+00  0.7858392202E+00  0.6035630000E+02  0.3232538074E-01  0.2973432358E+00 -0.2320004165E-02 -0.4008604392E-02  0.3215966030E-01  0.0000000000E+00  0.0000000000E+00  0.2206681428E+01 -0.2322392182E+00  0.7858392202E+00  0.0000000000E+00  0.0000000000E+00  0.0000000000E+00  0.3232538074E-01  0.2973432358E+00 -0.2320004165E-02  0.0000000000E+00  0.0000000000E+00  0.0000000000E+00
21  0.2068644033E-03  0.2801077919E-03  0.6157440240E-03  0.3849503035E-03  0.4999749516E-03 -0.5894701426E-02  0.3543871819E-01  0.2401029718E+01 -0.2459296744E+00  0.8461342104E+00  0.6301620000E+02  0.3569865549E-01  0.3268262748E+00 -0.4031903739E-02 -0.5894701426E-02  0.3543871819E-01  0.0000000000E+00  0.0000000000E+00  0.2401029718E+01 -0.2459296744E+00  0.8461342104E+00  0.0000000000E+00  0.0000000000E+00  0.0000000000E+00  0.3569865549E-01  0.3268262748E+00 -0.4031903739E-02  0.0000000000E+00  0.0000000000E+00  0.0000000000E+00
22  0.2016895772E-03  0.2609645693E-03  0.5993353116E-03  0.3671973800E-03  0.4826488144E-03 -0.6308728832E-02  0.3579112754E-01  0.2558610409E+01 -0.2450951234E+00  0.8825729250E+00  0.6564640000E+02  0.3607225040E-01  0.3511360504E+00 -0.4426920053E-02 -0.6308728832E-02  0.3579112754E-01  0.0000000000E+00  0.0000000000E+00  0.2558610409E+01 -0.2450951234E+00  0.8825729250E+00  0.0000000000E+00  0.0000000000E+00  0.0000000000E+00  0.3607225040E-01  0.3511360504E+00 -0.4426920053E-02  0.0000000000E+00  0.0000000000E+00  0.0000000000E+00
23  0.2000321020E-03  0.2610772192E-03  0.5726202101E-03  0.3539246643E-03  0.4677384094E-03 -0.5333826795E-02  0.3393855593E-01  0.2649273591E+01 -0.2341840640E+00  0.8910187368E+00  0.6833350000E+02  0.3417119524E-01  0.3652203274E+00 -0.3550310193E-02 -0.5333826795E-02  0.3393855593E-01  0.0000000000E+00  0.0000000000E+00  0.2649273591E+01 -0.2341840640E+00  0.8910187368E+00  0.0000000000E+00  0.0000000000E+00  0.0000000000E+00  0.3417119524E-01  0.3652203274E+00 -0.3550310193E-02  0.0000000000E+00  0.0000000000E+00  0.0000000000E+00
24  0.1849400838E-03  0.2634540837E-03  0.5273379256E-03  0.3294220701E-03  0.4357629083E-03 -0.3616593385E-02  0.3135082367E-01  0.2670863784E+01 -0.2215488753E+00  0.8765886360E+00  0.7099180000E+02  0.3149713633E-01  0.3680393711E+00 -0.1970861633E-02 -0.3616593385E-02  0.3135082367E-01  0.0000000000E+00  0.0000000000E+00  0.2670863784E+01 -0.2215488753E+00  0.8765886360E+00  0.0000000000E+00  0.0000000000E+00  0.0000000000E+00  0.3149713633E-01  0.3680393711E+00 -0.1970861633E-02  0.0000000000E+00  0.0000000000E+00  0.0000000000E+00
25  0.1576577968E-03  0.2616580803E-03  0.4634535305E-03  0.2906928192E-03  0.3927689797E-03 -0.1950574457E-02  0.2880790459E-01  0.2645792309E+01 -0.2098081424E+00  0.8523469440E+00  0.7362370000E+02  0.2887050954E-01  0.3634708905E+00 -0.4402120284E-03 -0.1950574457E-02  0.2880790459E-01  0.0000000000E+00  0.0000000000E+00  0.2645792309E+01 -0.2098081424E+00  0.8523469440E+00  0.0000000000E+00  0.0000000000E+00  0.0000000000E+00  0.2887050954E-01  0.3634708905E+00 -0.4402120284E-03  0.0000000000E+00  0.0000000000E+00  0.0000000000E+00
26  0.1327267368E-03  0.2505630811E-03  0.3935480692E-03  0.2467306603E-03  0.3504495549E-03 -0.2899922078E-03  0.2509342896E-01  0.2452020679E+01 -0.1843684361E+00  0.7914672167E+00  0.7625750000E+02  0.2507421630E-01  0.3400093006E+00  0.1023693816E-02 -0.2899922078E-03  0.2509342896E-01  0.0000000000E+00  0.0000000000E+00  0.2452020679E+01 -0.1843684361E+00  0.7914672167E+00  0.0000000000E+00  0.0000000000E+00  0.0000000000E+00  0.2507421630E-01  0.3400093006E+00  0.1023693816E-02  0.0000000000E+00  0.0000000000E+00  0.0000000000E+00
27  0.1165588906E-03  0.2346756752E-03  0.3300797427E-03  0.2076258438E-03  0.3098277377E-03  0.1734677393E-03  0.2667993300E-01  0.2569920030E+01 -0.2026126688E+00  0.8222819768E+00  0.7892620000E+02  0.2663429048E-01  0.3505310357E+00  0.1569549814E-02  0.1734677393E-03  0.2667993300E-01  0.0000000000E+00  0.0000000000E+00  0.2569920030E+01 -0.2026126688E+00  0.8222819768E+00  0.0000000000E+00  0.0000000000E+00  0.0000000000E+00  0.2663429048E-01  0.3505310357E+00  0.1569549814E-02  0.0000000000E+00  0.0000000000E+00  0.0000000000E+00
28  0.1040045182E-03  0.2059399911E-03  0.2756911397E-03  0.1777711085E-03  0.2646990493E-03 -0.2526492914E-03  0.2696278108E-01  0.2587577812E+01 -0.2044122281E+00  0.8298510025E+00  0.8156320000E+02  0.2693905217E-01  0.3521673481E+00  0.1158819886E-02 -0.2526492914E-03  0.2696278108E-01  0.0000000000E+00  0.0000000000E+00  0.2587577812E+01 -0.2044122281E+00  0.8298510025E+00  0.0000000000E+00  0.0000000000E+00  0.0000000000E+00  0.2693905217E-01  0.3521673481E+00  0.1158819886E-02  0.0000000000E+00  0.0000000000E+00  0.0000000000E+00
29  0.8802130145E-04  0.1761789768E-03  0.2272130536E-03  0.1514321941E-03  0.2254641590E-03 -0.8101463228E-03  0.2716152575E-01  0.2610546374E+01 -0.2039789351E+00  0.8390460732E+00  0.8413570000E+02  0.2716670161E-01  0.3556333438E+00  0.6124883778E-03 -0.8101463228E-03  0.2716152575E-01  0.0000000000E+00  0.0000000000E+00  0.2610546374E+01 -0.2039789351E+00  0.8390460732E+00  0.0000000000E+00  0.0000000000E+00  0.0000000000E+00  0.2716670161E-01  0.3556333438E+00  0.6124883778E-03  0.0000000000E+00  0.0000000000E+00  0.0000000000E+00
30  0.6986610690E-04  0.1498515409E-03  0.1828895933E-03  0.1242399260E-03  0.1901777399E-03 -0.1213248204E-02  0.2726840618E-01  0.2627272067E+01 -0.2020742155E+00  0.8450714098E+00  0.8679590000E+02  0.2729453228E-01  0.3588344670E+00  0.2155326237E-03 -0.1213248204E-02  0.2726840618E-01  0.0000000000E+00  0.0000000000E+00  0.2627272067E+01 -0.2020742155E+00  0.8450714098E+00  0.0000000000E+00  0.0000000000E+00  0.0000000000E+00  0.2729453228E-01  0.3588344670E+00  0.2155326237E-03  0.0000000000E+00  0.0000000000E+00  0.0000000000E+00
31  0.5564260558E-04  0.1252593865E-03  0.1450211201E-03  0.9811143843E-04  0.1555458492E-03 -0.1301851906E-02  0.2732992264E-01  0.2647518384E+01 -0.2012903844E+00  0.8509242380E+00  0.8944150000E+02  0.2736060160E-01  0.3624624303E+00  0.1302698725E-03 -0.1301851906E-02  0.2732992264E-01  0.0000000000E+00  0.0000000000E+00  0.2647518384E+01 -0.2012903844E+00  0.8509242380E+00  0.0000000000E+00  0.0000000000E+00  0.0000000000E+00  0.2736060160E-01  0.3624624303E+00  0.1302698725E-03  0.0000000000E+00  0.0000000000E+00  0.0000000000E+00
32  0.4775100520E-04  0.1018741328E-03  0.1153073626E-03  0.7783396336E-04  0.1275333801E-03 -0.1143506104E-02  0.2778193371E-01  0.2677866463E+01 -0.2042340617E+00  0.8578873759E+00  0.9207230000E+02  0.2780370602E-01  0.3666034779E+00  0.3120550982E-03 -0.1143506104E-02  0.2778193371E-01  0.0000000000E+00  0.0000000000E+00  0.2677866463E+01 -0.2042340617E+00  0.8578873759E+00  0.0000000000E+00  0.0000000000E+00  0.0000000000E+00  0.2780370602E-01  0.3666034779E+00  0.3120550982E-03  0.0000000000E+00  0.0000000000E+00  0.0000000000E+00
33  0.4134639698E-04  0.8097392162E-04  0.9242003883E-04  0.6432783187E-04  0.1064230323E-03 -0.8690212065E-03  0.2792150104E-01  0.2695667943E+01 -0.2055458866E+00  0.8599767994E+00  0.9473350000E+02  0.2792871665E-01  0.3686377813E+00  0.5934682137E-03 -0.8690212065E-03  0.2792150104E-01  0.0000000000E+00  0.0000000000E+00  0.2695667943E+01 -0.2055458866E+00  0.8599767994E+00  0.0000000000E+00  0.0000000000E+00  0.0000000000E+00  0.2792871665E-01  0.3686377813E+00  0.5934682137E-03  0.0000000000E+00  0.0000000000E+00  0.0000000000E+00
34  0.3367381511E-04  0.6452886109E-04  0.7488615653E-04  0.5490749447E-04  0.8894152571E-04 -0.6205089042E-03  0.2806258445E-01  0.2700463951E+01 -0.2067478731E+00  0.8593396219E+00  0.9739220000E+02  0.2805660058E-01  0.3692326465E+00  0.8490236733E-03 -0.6205089042E-03  0.2806258445E-01  0.0000000000E+00  0.0000000000E+00  0.2700463951E+01 -0.2067478731E+00  0.8593396219E+00  0.0000000000E+00  0.0000000000E+00  0.0000000000E+00  0.2805660058E-01  0.3692326465E+00  0.8490236733E-03  0.0000000000E+00  0.0000000000E+00  0.0000000000E+00
35  0.2676850107E-04  0.5235291194E-04  0.6136465933E-04  0.4605691202E-04  0.7315358519E-04 -0.4773874995E-03  0.2817870648E-01  0.2704655999E+01 -0.2080132366E+00  0.8600958656E+00  0.9990580000E+02  0.2816507307E-01  0.3697320164E+00  0.9980262929E-03 -0.4773874995E-03  0.2817870648E-01  0.0000000000E+00  0.0000000000E+00  0.2704655999E+01 -0.2080132366E+00  0.8600958656E+00  0.0000000000E+00  0.0000000000E+00  0.0000000000E+00  0.2816507307E-01  0.3697320164E+00  0.9980262929E-03  0.0000000000E+00  0.0000000000E+00  0.0000000000E+00
36  0.2331666526E-04  0.4350625677E-04  0.5181184478E-04  0.3806771268E-04  0.6311259277E-04 -0.4490194151E-03  0.2855022650E-01  0.2736144015E+01 -0.2118545629E+00  0.8674639067E+00  0.1025371000E+03  0.2853459926E-01  0.3729398729E+00  0.1045799355E-02 -0.4490194151E-03  0.2855022650E-01  0.0000000000E+00  0.0000000000E+00  0.2736144015E+01 -0.2118545629E+00  0.8674639067E+00  0.0000000000E+00  0.0000000000E+00  0.0000000000E+00  0.2853459926E-01  0.3729398729E+00  0.1045799355E-02  0.0000000000E+00  0.0000000000E+00  0.0000000000E+00
37  0.2135554520E-04  0.3482618610E-04  0.4553413212E-04  0.3287280600E-04  0.5604912131E-04 -0.4615142366E-03  0.2850879992E-01  0.2753246218E+01 -0.2119415881E+00  0.8716489136E+00  0.1050783000E+03  0.2849388339E-01  0.3749554300E+00  0.1031153558E-02 -0.4615142366E-03  0.2850879992E-01  0.0000000000E+00  0.0000000000E+00  0.2753246218E+01 -0.2119415881E+00  0.8716489136E+00  0.0000000000E+00  0.0000000000E+00  0.0000000000E+00  0.2849388339E-01  0.3749554300E+00  0.1031153558E-02  0.0000000000E+00  0.0000000000E+00  0.0000000000E+00
38  0.2017577492E-04  0.2794353656E-04  0.4137284127E-04  0.3002614529E-04  0.5252281190E-04 -0.4810866492E-03  0.2843658387E-01  0.2769384062E+01 -0.2115563371E+00  0.8749722159E+00  0.1077454000E+03  0.2842279065E-01  0.3770040021E+00  0.1007828472E-02 -0.4810866492E-03  0.2843658387E-01  0.0000000000E+00  0.0000000000E+00  0.2769384062E+01 -0.2115563371E+00  0.8749722159E+00  0.0000000000E+00  0.0000000000E+00  0.0000000000E+00  0.2842279065E-01  0.3770040021E+00  0.1007828472E-02  0.0000000000E+00  0.0000000000E+00  0.0000000000E+00
39  0.1832174882E-04  0.2235950025E-04  0.3879126049E-04  0.2829085928E-04  0.4811985100E-04 -0.4789619035E-03  0.2832782586E-01  0.2779701925E+01 -0.2106304704E+00  0.8771021836E+00  0.1102870000E+03  0.2831407048E-01  0.3784065129E+00  0.1004258352E-02 -0.4789619035E-03  0.2832782586E-01  0.0000000000E+00  0.0000000000E+00  0.2779701925E+01 -0.2106304704E+00  0.8771021836E+00  0.0000000000E+00  0.0000000000E+00  0.0000000000E+00  0.2831407048E-01  0.3784065129E+00  0.1004258352E-02  0.0000000000E+00  0.0000000000E+00  0.0000000000E+00
40  0.1682808072E-04  0.1852925827E-04  0.3707936490E-04  0.2657705297E-04  0.4398872458E-04 -0.4528810165E-03  0.2832032363E-01  0.2790072062E+01 -0.2100999910E+00  0.8790514315E+00  0.1129186000E+03  0.2830521357E-01  0.3797707223E+00  0.1029910859E-02 -0.4528810165E-03  0.2832032363E-01  0.0000000000E+00  0.0000000000E+00  0.2790072062E+01 -0.2100999910E+00  0.8790514315E+00  0.0000000000E+00  0.0000000000E+00  0.0000000000E+00  0.2830521357E-01  0.3797707223E+00  0.1029910859E-02  0.0000000000E+00  0.0000000000E+00  0.0000000000E+00
41  0.1761876807E-04  0.1591696384E-04  0.3604390428E-04  0.2524149285E-04  0.4560142069E-04 -0.4068303216E-03  0.2829650259E-01  0.2797673430E+01 -0.2098684172E+00  0.8807355294E+00  0.1154578000E+03  0.2827901507E-01  0.3807861010E+00  0.1074651747E-02 -0.4068303216E-03  0.2829650259E-01  0.0000000000E+00  0.0000000000E+00  0.2797673430E+01 -0.2098684172E+00  0.8807355294E+00  0.0000000000E+00  0.0000000000E+00  0.0000000000E+00  0.2827901507E-01  0.3807861010E+00  0.1074651747E-02  0.0000000000E+00  0.0000000000E+00  0.0000000000E+00
42  0.1695893616E-04  0.1397528565E-04  0.3464438897E-04  0.2414820162E-04  0.4372410395E-04 -0.3620347104E-03  0.2842914699E-01  0.2805538576E+01 -0.2107055032E+00  0.8824887250E+00  0.1181342000E+03  0.2840913327E-01  0.3818053260E+00  0.1126328039E-02 -0.3620347104E-03  0.2842914699E-01  0.0000000000E+00  0.0000000000E+00  0.2805538576E+01 -0.2107055032E+00  0.8824887250E+00  0.0000000000E+00  0.0000000000E+00  0.0000000000E+00  0.2840913327E-01  0.3818053260E+00  0.1126328039E-02  0.0000000000E+00  0.0000000000E+00  0.0000000000E+00
43  0.1656739482E-04  0.1282357241E-04  0.3330833598E-04  0.2324003411E-04  0.4267739480E-04 -0.3215790851E-03  0.2853649396E-01  0.2811857095E+01 -0.2114355439E+00  0.8842572944E+00  0.1206194000E+03  0.2851421584E-01  0.3826472750E+00  0.1172346327E-02 -0.3215790851E-03  0.2853649396E-01  0.0000000000E+00  0.0000000000E+00  0.2811857095E+01 -0.2114355439E+00  0.8842572944E+00  0.0000000000E+00  0.0000000000E+00  0.0000000000E+00  0.2851421584E-01  0.3826472750E+00  0.1172346327E-02  0.0000000000E+00  0.0000000000E+00  0.0000000000E+00
44  0.1675290719E-04  0.1234541950E-04  0.3159203565E-04  0.2190979421E-04  0.4329089960E-04 -0.2886514665E-03  0.2859733870E-01  0.2819056482E+01 -0.2117258467E+00  0.8860128873E+00  0.1232801000E+03  0.2857325389E-01  0.3835850213E+00  0.1208413187E-02 -0.2886514665E-03  0.2859733870E-01  0.0000000000E+00  0.0000000000E+00  0.2819056482E+01 -0.2117258467E+00  0.8860128873E+00  0.0000000000E+00  0.0000000000E+00  0.0000000000E+00  0.2857325389E-01  0.3835850213E+00  0.1208413187E-02  0.0000000000E+00  0.0000000000E+00  0.0000000000E+00
45  0.1694660077E-04  0.1190596590E-04  0.2958024778E-04  0.2028388798E-04  0.4369783879E-04 -0.2615436303E-03  0.2857424274E-01  0.2824448356E+01 -0.2116563677E+00  0.8875585633E+00  0.1258189000E+03  0.2854877087E-01  0.3843384581E+00  0.1234275124E-02 -0.2615436303E-03  0.2857424274E-01  0.0000000000E+00  0.0000000000E+00  0.2824448356E+01 -0.2116563677E+00  0.8875585633E+00  0.0000000000E+00  0.0000000000E+00  0.0000000000E+00  0.2854877087E-01  0.3843384581E+00  0.1234275124E-02  0.0000000000E+00  0.0000000000E+00  0.0000000000E+00
46  0.1738447166E-04  0.1191532699E-04  0.2750474937E-04  0.1859810481E-04  0.4487946410E-04 -0.2402252683E-03  0.2858843500E-01  0.2830075059E+01 -0.2117751252E+00  0.8889437529E+00  0.1284802000E+03  0.2856182797E-01  0.3851140797E+00  0.1256307036E-02 -0.2402252683E-03  0.2858843500E-01  0.0000000000E+00  0.0000000000E+00  0.2830075059E+01 -0.2117751252E+00  0.8889437529E+00  0.0000000000E+00  0.0000000000E+00  0.0000000000E+00  0.2856182797E-01  0.3851140797E+00  0.1256307036E-02  0.0000000000E+00  0.0000000000E+00  0.0000000000E+00
47  0.1744058665E-04  0.1168116140E-04  0.2494421315E-04  0.1702563126E-04  0.4499249423E-04 -0.2211946828E-03  0.2860706379E-01  0.2833792129E+01 -0.2120412031E+00  0.8900283987E+00  0.1309948000E+03  0.2857943523E-01  0.3856261917E+00  0.1276286495E-02 -0.2211946828E-03  0.2860706379E-01  0.0000000000E+00  0.0000000000E+00  0.2833792129E+01 -0.2120412031E+00  0.8900283987E+00  0.0000000000E+00  0.0000000000E+00  0.0000000000E+00  0.2857943523E-01  0.3856261917E+00  0.1276286495E-02  0.0000000000E+00  0.0000000000E+00  0.0000000000E+00
48  0.1768878809E-04  0.1137607006E-04  0.2254452142E-04  0.1523129881E-04  0.4560442779E-04 -0.1986199105E-03  0.2862848823E-01  0.2838934056E+01 -0.2118512963E+00  0.8912190518E+00  0.1336526000E+03  0.2859964885E-01  0.3862922447E+00  0.1299951599E-02 -0.1986199105E-03  0.2862848823E-01  0.0000000000E+00  0.0000000000E+00  0.2838934056E+01 -0.2118512963E+00  0.8912190518E+00  0.0000000000E+00  0.0000000000E+00  0.0000000000E+00  0.2859964885E-01  0.3862922447E+00  0.1299951599E-02  0.0000000000E+00  0.0000000000E+00  0.0000000000E+00
49  0.1763394509E-04  0.1110770577E-04  0.2006923092E-04  0.1366418277E-04  0.4536193712E-04 -0.1808376009E-03  0.2880154317E-01  0.2853125550E+01 -0.2134289473E+00  0.8949959940E+00  0.1361934000E+03  0.2877153596E-01  0.3880393857E+00  0.1326766534E-02 -0.1808376009E-03  0.2880154317E-01  0.0000000000E+00  0.0000000000E+00  0.2853125550E+01 -0.2134289473E+00  0.8949959940E+00  0.0000000000E+00  0.0000000000E+00  0.0000000000E+00  0.2877153596E-01  0.3880393857E+00  0.1326766534E-02  0.0000000000E+00  0.0000000000E+00  0.0000000000E+00
50  0.1728025063E-04  0.1062948240E-04  0.1821291256E-04  0.1227295142E-04  0.4445584363E-04 -0.1354055707E-03  0.2891531389E-01  0.2870016004E+01 -0.2152507205E+00  0.8974661700E+00  0.1388615000E+03  0.2888277304E-01  0.3894448862E+00  0.1378090600E-02 -0.1354055707E-03  0.2891531389E-01  0.0000000000E+00  0.0000000000E+00  0.2870016004E+01 -0.2152507205E+00  0.8974661700E+00  0.0000000000E+00  0.0000000000E+00  0.0000000000E+00  0.2888277304E-01  0.3894448862E+00  0.1378090600E-02  0.0000000000E+00  0.0000000000E+00  0.0000000000E+00
51  0.1738965741E-04  0.1030648371E-04  0.1667423845E-04  0.1143903357E-04  0.4462220023E-04 -0.1185565116E-03  0.2892599905E-01  0.2872643420E+01 -0.2151726962E+00  0.8977748016E+00  0.1413744000E+03  0.2889256174E-01  0.3897924114E+00  0.1395475786E-02 -0.1185565116E-03  0.2892599905E-01  0.0000000000E+00  0.0000000000E+00  0.2872643420E+01 -0.2151726962E+00  0.8977748016E+00  0.0000000000E+00  0.0000000000E+00  0.0000000000E+00  0.2889256174E-01  0.3897924114E+00  0.1395475786E-02  0.0000000000E+00  0.0000000000E+00  0.0000000000E+00
52  0.1696027477E-04  0.9866829576E-05  0.1563772554E-04  0.1065997929E-04  0.4349971876E-04 -0.1040553460E-03  0.2896086428E-01  0.2876000508E+01 -0.2150916821E+00  0.8984146818E+00  0.1439787000E+03  0.2892662026E-01  0.3902569508E+00  0.1411781784E-02 -0.1040553460E-03  0.2896086428E-01  0.0000000000E+00  0.0000000000E+00  0.2876000508E+01 -0.2150916821E+00  0.8984146818E+00  0.0000000000E+00  0.0000000000E+00  0.0000000000E+00  0.2892662026E-01  0.3902569508E+00  0.1411781784E-02  0.0000000000E+00  0.0000000000E+00  0.0000000000E+00
53  0.1729845177E-04  0.9678146143E-05  0.1496734280E-04  0.1046479507E-04  0.4427475883E-04 -0.8615672877E-04  0.2894633751E-01  0.2879685019E+01 -0.2150644313E+00  0.8993981988E+00  0.1464933000E+03  0.2891117666E-01  0.3907480244E+00  0.1428895599E-02 -0.8615672877E-04  0.2894633751E-01  0.0000000000E+00  0.0000000000E+00  0.2879685019E+01 -0.2150644313E+00  0.8993981988E+00  0.0000000000E+00  0.0000000000E+00  0.0000000000E+00  0.2891117666E-01  0.3907480244E+00  0.1428895599E-02  0.0000000000E+00  0.0000000000E+00  0.0000000000E+00
54  0.1711673507E-04  0.9350505105E-05  0.1471071470E-04  0.1014290680E-04  0.4364642948E-04 -0.6902514082E-04  0.2893672311E-01  0.2885573122E+01 -0.2148713540E+00  0.9002287118E+00  0.1491786000E+03  0.2890067884E-01  0.3913797250E+00  0.1445500530E-02 -0.6902514082E-04  0.2893672311E-01  0.0000000000E+00  0.0000000000E+00  0.2885573122E+01 -0.2148713540E+00  0.9002287118E+00  0.0000000000E+00  0.0000000000E+00  0.0000000000E+00  0.2890067884E-01  0.3913797250E+00  0.1445500530E-02  0.0000000000E+00  0.0000000000E+00  0.0000000000E+00
55  0.1732675800E-04  0.9391814232E-05  0.1473904651E-04  0.1033596410E-04  0.4423168177E-04 -0.6073487828E-04  0.2900241789E-01  0.2888962251E+01 -0.2156554857E+00  0.9014042480E+00  0.1516896000E+03  0.2896584970E-01  0.3918196212E+00  0.1457217630E-02 -0.6073487828E-04  0.2900241789E-01  0.0000000000E+00  0.0000000000E+00  0.2888962251E+01 -0.2156554857E+00  0.9014042480E+00  0.0000000000E+00  0.0000000000E+00  0.0000000000E+00  0.2896584970E-01  0.3918196212E+00  0.1457217630E-02  0.0000000000E+00  0.0000000000E+00  0.0000000000E+00
56  0.1752297705E-04  0.9412628450E-05  0.1504901689E-04  0.1010119671E-04  0.4475459518E-04 -0.4656676833E-04  0.2900565685E-01  0.2892189475E+01 -0.2154445021E+00  0.9019647431E+00  0.1542929000E+03  0.2896834272E-01  0.3922353049E+00  0.1471535838E-02 -0.4656676833E-04  0.2900565685E-01  0.0000000000E+00  0.0000000000E+00  0.2892189475E+01 -0.2154445021E+00  0.9019647431E+00  0.0000000000E+00  0.0000000000E+00  0.0000000000E+00  0.2896834272E-01  0.3922353049E+00  0.1471535838E-02  0.0000000000E+00  0.0000000000E+00  0.0000000000E+00
57  0.1774656188E-04  0.9631484987E-05  0.1466523003E-04  0.9910192379E-05  0.4538466807E-04 -0.3442689877E-04  0.2899793155E-01  0.2893938589E+01 -0.2153199224E+00  0.9023374754E+00  0.1568065000E+03  0.2895999266E-01  0.3924708220E+00  0.1483254759E-02 -0.3442689877E-04  0.2899793155E-01  0.0000000000E+00  0.0000000000E+00  0.2893938589E+01 -0.2153199224E+00  0.9023374754E+00  0.0000000000E+00  0.0000000000E+00  0.0000000000E+00  0.2895999266E-01  0.3924708220E+00  0.1483254759E-02  0.0000000000E+00  0.0000000000E+00  0.0000000000E+00
58  0.1730082917E-04  0.9396423324E-05  0.1388548061E-04  0.8963060377E-05  0.4423628668E-04  0.4178774999E-04  0.2887052676E-01  0.2885437696E+01 -0.2139106885E+00  0.9009464895E+00  0.1594397000E+03  0.2882877370E-01  0.3917804793E+00  0.1552697106E-02  0.4178774999E-04  0.2887052676E-01  0.0000000000E+00  0.0000000000E+00  0.2885437696E+01 -0.2139106885E+00  0.9009464895E+00  0.0000000000E+00  0.0000000000E+00  0.0000000000E+00  0.2882877370E-01  0.3917804793E+00  0.1552697106E-02  0.0000000000E+00  0.0000000000E+00  0.0000000000E+00
59  0.1733734402E-04  0.9462058293E-05  0.1334160139E-04  0.8614738000E-05  0.4433880385E-04  0.5079053339E-04  0.2890362492E-01  0.2887619882E+01 -0.2144482755E+00  0.9019282096E+00  0.1619519000E+03  0.2886135534E-01  0.3920380262E+00  0.1563419776E-02  0.5079053339E-04  0.2890362492E-01  0.0000000000E+00  0.0000000000E+00  0.2887619882E+01 -0.2144482755E+00  0.9019282096E+00  0.0000000000E+00  0.0000000000E+00  0.0000000000E+00  0.2886135534E-01  0.3920380262E+00  0.1563419776E-02  0.0000000000E+00  0.0000000000E+00  0.0000000000E+00
60  0.1832901737E-04  0.9979374521E-05  0.1268324667E-04  0.7641644280E-05  0.4700322912E-04  0.5870497309E-04  0.2898316646E-01  0.2890388443E+01 -0.2148861847E+00  0.9027324569E+00  0.1646126000E+03  0.2894037365E-01  0.3923452281E+00  0.1575486251E-02  0.5870497309E-04  0.2898316646E-01  0.0000000000E+00  0.0000000000E+00  0.2890388443E+01 -0.2148861847E+00  0.9027324569E+00  0.0000000000E+00  0.0000000000E+00  0.0000000000E+00  0.2894037365E-01  0.3923452281E+00  0.1575486251E-02  0.0000000000E+00  0.0000000000E+00  0.0000000000E+00
61  0.1833002887E-04  0.9949305985E-05  0.1127831599E-04  0.6774062135E-05  0.4687681959E-04  0.1042226288E-03  0.2907158332E-01  0.2899314277E+01 -0.2161008015E+00  0.9040184747E+00  0.1671529000E+03  0.2902628713E-01  0.3930452524E+00  0.1625568908E-02  0.1042226288E-03  0.2907158332E-01  0.0000000000E+00  0.0000000000E+00  0.2899314277E+01 -0.2161008015E+00  0.9040184747E+00  0.0000000000E+00  0.0000000000E+00  0.0000000000E+00  0.2902628713E-01  0.3930452524E+00  0.1625568908E-02  0.0000000000E+00  0.0000000000E+00  0.0000000000E+00
62  0.1741264422E-04  0.9498822117E-05  0.1019478802E-04  0.5795000864E-05  0.4446800603E-04  0.2452772502E-03  0.2932170204E-01  0.2917399023E+01 -0.2199198624E+00  0.9068115163E+00  0.1697732000E+03  0.2926868085E-01  0.3944563077E+00  0.1779520421E-02  0.2452772502E-03  0.2932170204E-01  0.0000000000E+00  0.0000000000E+00  0.2917399023E+01 -0.2199198624E+00  0.9068115163E+00  0.0000000000E+00  0.0000000000E+00  0.0000000000E+00  0.2926868085E-01  0.3944563077E+00  0.1779520421E-02  0.0000000000E+00  0.0000000000E+00  0.0000000000E+00
63  0.1809142434E-04  0.9750900556E-05  0.1018350418E-04  0.6271646121E-05  0.4625761462E-04  0.2737266685E-03  0.2919179587E-01  0.2918256874E+01 -0.2182381128E+00  0.9062277734E+00  0.1722575000E+03  0.2913746379E-01  0.3946144103E+00  0.1801132087E-02  0.2737266685E-03  0.2919179587E-01  0.0000000000E+00  0.0000000000E+00  0.2918256874E+01 -0.2182381128E+00  0.9062277734E+00  0.0000000000E+00  0.0000000000E+00  0.0000000000E+00  0.2913746379E-01  0.3946144103E+00  0.1801132087E-02  0.0000000000E+00  0.0000000000E+00  0.0000000000E+00
64  0.1875322628E-04  0.1000769201E-04  0.1007825395E-04  0.5864204639E-05  0.4804788001E-04  0.3612108885E-03  0.2830400824E-01  0.2836766186E+01 -0.2064996972E+00  0.8923580634E+00  0.1748601000E+03  0.2824631426E-01  0.3882129650E+00  0.1842033198E-02  0.3612108885E-03  0.2830400824E-01  0.0000000000E+00  0.0000000000E+00  0.2836766186E+01 -0.2064996972E+00  0.8923580634E+00  0.0000000000E+00  0.0000000000E+00  0.0000000000E+00  0.2824631426E-01  0.3882129650E+00  0.1842033198E-02  0.0000000000E+00  0.0000000000E+00  0.0000000000E+00
65  0.1822304129E-04  0.1014735651E-04  0.9972925368E-05  0.5710473591E-05  0.4657019260E-04  0.3249966963E-03  0.2855823539E-01  0.2842092198E+01 -0.2096685481E+00  0.8953228714E+00  0.1774021000E+03  0.2850208831E-01  0.3885378338E+00  0.1819173857E-02  0.3249966963E-03  0.2855823539E-01  0.0000000000E+00  0.0000000000E+00  0.2842092198E+01 -0.2096685481E+00  0.8953228714E+00  0.0000000000E+00  0.0000000000E+00  0.0000000000E+00  0.2850208831E-01  0.3885378338E+00  0.1819173857E-02  0.0000000000E+00  0.0000000000E+00  0.0000000000E+00
66  0.1730193652E-04  0.1039115703E-04  0.1027680064E-04  0.5961768219E-05  0.4434888280E-04  0.3063277610E-03  0.2869537703E-01  0.2847478411E+01 -0.2113165936E+00  0.8972590330E+00  0.1800059000E+03  0.2864001906E-01  0.3888792073E+00  0.1807707946E-02  0.3063277610E-03  0.2869537703E-01  0.0000000000E+00  0.0000000000E+00  0.2847478411E+01 -0.2113165936E+00  0.8972590330E+00  0.0000000000E+00  0.0000000000E+00  0.0000000000E+00  0.2864001906E-01  0.3888792073E+00  0.1807707946E-02  0.0000000000E+00  0.0000000000E+00  0.0000000000E+00
67  0.1812663367E-04  0.1081931954E-04  0.1150802136E-04  0.7230896040E-05  0.4647530994E-04  0.1968532262E-03  0.2880299613E-01  0.2851520865E+01 -0.2124296516E+00  0.8983271725E+00  0.1824626000E+03  0.2875322013E-01  0.3889287675E+00  0.1704015791E-02  0.1968532262E-03  0.2880299613E-01  0.0000000000E+00  0.0000000000E+00  0.2851520865E+01 -0.2124296516E+00  0.8983271725E+00  0.0000000000E+00  0.0000000000E+00  0.0000000000E+00  0.2875322013E-01  0.3889287675E+00  0.1704015791E-02  0.0000000000E+00  0.0000000000E+00  0.0000000000E+00
68  0.1880652047E-04  0.1105762848E-04  0.1309357691E-04  0.8181189816E-05  0.4822880509E-04  0.2123737461E-03  0.2881998167E-01  0.2848637827E+01 -0.2124299898E+00  0.8982791172E+00  0.1850937000E+03  0.2876937010E-01  0.3887773856E+00  0.1720403995E-02  0.2123737461E-03  0.2881998167E-01  0.0000000000E+00  0.0000000000E+00  0.2848637827E+01 -0.2124299898E+00  0.8982791172E+00  0.0000000000E+00  0.0000000000E+00  0.0000000000E+00  0.2876937010E-01  0.3887773856E+00  0.1720403995E-02  0.0000000000E+00  0.0000000000E+00  0.0000000000E+00
69  0.1862804627E-04  0.1081002796E-04  0.1418168498E-04  0.9060677104E-05  0.4777495195E-04  0.2053348873E-03  0.2880264584E-01  0.2845862736E+01 -0.2123454586E+00  0.8981732392E+00  0.1875487000E+03  0.2875242642E-01  0.3885673367E+00  0.1712467496E-02  0.2053348873E-03  0.2880264584E-01  0.0000000000E+00  0.0000000000E+00  0.2845862736E+01 -0.2123454586E+00  0.8981732392E+00  0.0000000000E+00  0.0000000000E+00  0.0000000000E+00  0.2875242642E-01  0.3885673367E+00  0.1712467496E-02  0.0000000000E+00  0.0000000000E+00  0.0000000000E+00
70  0.1746714915E-04  0.1021199306E-04  0.1511322026E-04  0.9326727438E-05  0.4480758331E-04  0.1927207593E-03  0.2885019343E-01  0.2844818407E+01 -0.2125393817E+00  0.8982043144E+00  0.1901790000E+03  0.2880056902E-01  0.3884946883E+00  0.1702359103E-02  0.1927207593E-03  0.2885019343E-01  0.0000000000E+00  0.0000000000E+00  0.2844818407E+01 -0.2125393817E+00  0.8982043144E+00  0.0000000000E+00  0.0000000000E+00  0.0000000000E+00  0.2880056902E-01  0.3884946883E+00  0.1702359103E-02  0.0000000000E+00  0.0000000000E+00  0.0000000000E+00
71  0.1790811034E-04  0.1010978480E-04  0.1545018166E-04  0.9412987705E-05  0.4581324748E-04  0.1911844661E-03  0.2883479750E-01  0.2844706910E+01 -0.2125656740E+00  0.8983247760E+00  0.1926913000E+03  0.2878527459E-01  0.3884972536E+00  0.1700019155E-02  0.1911844661E-03  0.2883479750E-01  0.0000000000E+00  0.0000000000E+00  0.2844706910E+01 -0.2125656740E+00  0.8983247760E+00  0.0000000000E+00  0.0000000000E+00  0.0000000000E+00  0.2878527459E-01  0.3884972536E+00  0.1700019155E-02  0.0000000000E+00  0.0000000000E+00  0.0000000000E+00
72  0.1848370330E-04  0.1019012503E-04  0.1501594335E-04  0.8652730244E-05  0.4726929894E-04  0.1914561530E-03  0.2879224603E-01  0.2844881716E+01 -0.2121242442E+00  0.8984247556E+00  0.1952671000E+03  0.2874276721E-01  0.3885426815E+00  0.1698063497E-02  0.1914561530E-03  0.2879224603E-01  0.0000000000E+00  0.0000000000E+00  0.2844881716E+01 -0.2121242442E+00  0.8984247556E+00  0.0000000000E+00  0.0000000000E+00  0.0000000000E+00  0.2874276721E-01  0.3885426815E+00  0.1698063497E-02  0.0000000000E+00  0.0000000000E+00  0.0000000000E+00
73  0.1816043939E-04  0.1009100659E-04  0.1385106557E-04  0.7866036029E-05  0.4652732648E-04  0.1876438454E-03  0.2881091011E-01  0.2844318137E+01 -0.2123584867E+00  0.8984602539E+00  0.1977225000E+03  0.2876160524E-01  0.3885033361E+00  0.1695233217E-02  0.1876438454E-03  0.2881091011E-01  0.0000000000E+00  0.0000000000E+00  0.2844318137E+01 -0.2123584867E+00  0.8984602539E+00  0.0000000000E+00  0.0000000000E+00  0.0000000000E+00  0.2876160524E-01  0.3885033361E+00  0.1695233217E-02  0.0000000000E+00  0.0000000000E+00  0.0000000000E+00
74  0.1758238022E-04  0.9775326966E-05  0.1246305150E-04  0.6812554957E-05  0.4510571167E-04  0.1810703325E-03  0.2884358237E-01  0.2843933638E+01 -0.2124682118E+00  0.8985258115E+00  0.2002438000E+03  0.2879457676E-01  0.3884868225E+00  0.1690378647E-02  0.1810703325E-03  0.2884358237E-01  0.0000000000E+00  0.0000000000E+00  0.2843933638E+01 -0.2124682118E+00  0.8985258115E+00  0.0000000000E+00  0.0000000000E+00  0.0000000000E+00  0.2879457676E-01  0.3884868225E+00  0.1690378647E-02  0.0000000000E+00  0.0000000000E+00  0.0000000000E+00
75  0.1834858027E-04  0.9858641302E-05  0.1137075722E-04  0.6328892550E-05  0.4699091548E-04  0.1802628685E-03  0.2881379975E-01  0.2843756906E+01 -0.2122818145E+00  0.8985811526E+00  0.2027003000E+03  0.2876487721E-01  0.3884887639E+00  0.1688013587E-02  0.1802628685E-03  0.2881379975E-01  0.0000000000E+00  0.0000000000E+00  0.2843756906E+01 -0.2122818145E+00  0.8985811526E+00  0.0000000000E+00  0.0000000000E+00  0.0000000000E+00  0.2876487721E-01  0.3884887639E+00  0.1688013587E-02  0.0000000000E+00  0.0000000000E+00  0.0000000000E+00
76  0.1806892448E-04  0.9665891422E-05  0.1020576291E-04  0.5551849855E-05  0.4620055368E-04  0.1777788639E-03  0.2882632332E-01  0.2843981648E+01 -0.2122648064E+00  0.8986369645E+00  0.2052761000E+03  0.2877751362E-01  0.3885432006E+00  0.1686188420E-02  0.1777788639E-03  0.2882632332E-01  0.0000000000E+00  0.0000000000E+00  0.2843981648E+01 -0.2122648064E+00  0.8986369645E+00  0.0000000000E+00  0.0000000000E+00  0.0000000000E+00  0.2877751362E-01  0.3885432006E+00  0.1686188420E-02  0.0000000000E+00  0.0000000000E+00  0.0000000000E+00
77  0.1785162786E-04  0.9454509768E-05  0.9194524968E-05  0.5333771418E-05  0.4565310159E-04  0.1766581554E-03  0.2883207390E-01  0.2843578443E+01 -0.2124476677E+00  0.8986590726E+00  0.2077483000E+03  0.2878331497E-01  0.3885067186E+00  0.1685370210E-02  0.1766581554E-03  0.2883207390E-01  0.0000000000E+00  0.0000000000E+00  0.2843578443E+01 -0.2124476677E+00  0.8986590726E+00  0.0000000000E+00  0.0000000000E+00  0.0000000000E+00  0.2878331497E-01  0.3885067186E+00  0.1685370210E-02  0.0000000000E+00  0.0000000000E+00  0.0000000000E+00
78  0.1742505543E-04  0.9297859721E-05  0.8961668538E-05  0.4674039362E-05  0.4462510060E-04  0.1751420154E-03  0.2883645435E-01  0.2843562938E+01 -0.2122656009E+00  0.8987246219E+00  0.2102956000E+03  0.2878776877E-01  0.3885305190E+00  0.1684085402E-02  0.1751420154E-03  0.2883645435E-01  0.0000000000E+00  0.0000000000E+00  0.2843562938E+01 -0.2122656009E+00  0.8987246219E+00  0.0000000000E+00  0.0000000000E+00  0.0000000000E+00  0.2878776877E-01  0.3885305190E+00  0.1684085402E-02  0.0000000000E+00  0.0000000000E+00  0.0000000000E+00
79  0.1800928250E-04  0.9385324127E-05  0.8833181767E-05  0.5235785600E-05  0.4606065864E-04  0.1738822776E-03  0.2884057444E-01  0.2843428622E+01 -0.2124463705E+00  0.8987615259E+00  0.2126465000E+03  0.2879194914E-01  0.3885203573E+00  0.1683043020E-02  0.1738822776E-03  0.2884057444E-01  0.0000000000E+00  0.0000000000E+00  0.2843428622E+01 -0.2124463705E+00  0.8987615259E+00  0.0000000000E+00  0.0000000000E+00  0.0000000000E+00  0.2879194914E-01  0.3885203573E+00  0.1683043020E-02  0.0000000000E+00  0.0000000000E+00  0.0000000000E+00
80  0.1840862052E-04  0.9439637940E-05  0.8504557478E-05  0.4719714657E-05  0.4705307521E-04  0.1739117003E-03  0.2882952378E-01  0.2843657397E+01 -0.2122388025E+00  0.8987854916E+00  0.2151429000E+03  0.2878091208E-01  0.3885647684E+00  0.1682494055E-02  0.1739117003E-03  0.2882952378E-01  0.0000000000E+00  0.0000000000E+00  0.2843657397E+01 -0.2122388025E+00  0.8987854916E+00  0.0000000000E+00  0.0000000000E+00  0.0000000000E+00  0.2878091208E-01  0.3885647684E+00  0.1682494055E-02  0.0000000000E+00  0.0000000000E+00  0.0000000000E+00
81  0.1821049446E-04  0.9405939354E-05  0.8408136505E-05  0.4757170345E-05  0.4664454507E-04  0.1738929986E-03  0.2882259419E-01  0.2843191985E+01 -0.2122535308E+00  0.8988060745E+00  0.2175968000E+03  0.2877399297E-01  0.3885280982E+00  0.1682112712E-02  0.1738929986E-03  0.2882259419E-01  0.0000000000E+00  0.0000000000E+00  0.2843191985E+01 -0.2122535308E+00  0.8988060745E+00  0.0000000000E+00  0.0000000000E+00  0.0000000000E+00  0.2877399297E-01  0.3885280982E+00  0.1682112712E-02  0.0000000000E+00  0.0000000000E+00  0.0000000000E+00
82  0.1794077770E-04  0.9474720349E-05  0.8563408829E-05  0.4510398558E-05  0.4604020756E-04  0.1718879353E-03  0.2884930058E-01  0.2843509869E+01 -0.2123783063E+00  0.8988321468E+00  0.2201741000E+03  0.2880076770E-01  0.3885805651E+00  0.1681508102E-02  0.1718879353E-03  0.2884930058E-01  0.0000000000E+00  0.0000000000E+00  0.2843509869E+01 -0.2123783063E+00  0.8988321468E+00  0.0000000000E+00  0.0000000000E+00  0.0000000000E+00  0.2880076770E-01  0.3885805651E+00  0.1681508102E-02  0.0000000000E+00  0.0000000000E+00  0.0000000000E+00
83  0.1827807371E-04  0.9504959509E-05  0.8758125318E-05  0.4701056048E-05  0.4681909688E-04  0.1717393895E-03  0.2884374996E-01  0.2843204223E+01 -0.2124734194E+00  0.8988514691E+00  0.2226049000E+03  0.2879523246E-01  0.3885418146E+00  0.1681069262E-02  0.1717393895E-03  0.2884374996E-01  0.0000000000E+00  0.0000000000E+00  0.2843204223E+01 -0.2124734194E+00  0.8988514691E+00  0.0000000000E+00  0.0000000000E+00  0.0000000000E+00  0.2879523246E-01  0.3885418146E+00  0.1681069262E-02  0.0000000000E+00  0.0000000000E+00  0.0000000000E+00
84  0.5297769432E-05  0.5262007257E-05  0.5693058175E-05  0.2927016995E-05  0.1391681501E-04  0.1668949723E-03  0.2889976662E-01  0.2842917260E+01 -0.2128424928E+00  0.8989437028E+00  0.2251844000E+03  0.2885142589E-01  0.3885194076E+00  0.1679163170E-02  0.1668949723E-03  0.2889976662E-01  0.0000000000E+00  0.0000000000E+00  0.2842917260E+01 -0.2128424928E+00  0.8989437028E+00  0.0000000000E+00  0.0000000000E+00  0.0000000000E+00  0.2885142589E-01  0.3885194076E+00  0.1679163170E-02  0.0000000000E+00  0.0000000000E+00  0.0000000000E+00
85  0.2482195659E-05  0.2293377475E-05  0.2890956569E-05  0.1445355778E-05  0.6478263927E-05  0.1730389240E-03  0.2882451366E-01  0.2843252354E+01 -0.2122901287E+00  0.8989102441E+00  0.2276224000E+03  0.2877595451E-01  0.3885837808E+00  0.1681360266E-02  0.1730389240E-03  0.2882451366E-01  0.0000000000E+00  0.0000000000E+00  0.2843252354E+01 -0.2122901287E+00  0.8989102441E+00  0.0000000000E+00  0.0000000000E+00  0.0000000000E+00  0.2877595451E-01  0.3885837808E+00  0.1681360266E-02  0.0000000000E+00  0.0000000000E+00  0.0000000000E+00
86  0.1024657949E-05  0.1496222356E-05  0.1727464823E-05  0.8013935276E-06  0.2760246452E-05  0.1743602151E-03  0.2881079500E-01  0.2843141952E+01 -0.2121511458E+00  0.8988821603E+00  0.2301028000E+03  0.2876218549E-01  0.3885712729E+00  0.1681961767E-02  0.1743602151E-03  0.2881079500E-01  0.0000000000E+00  0.0000000000E+00  0.2843141952E+01 -0.2121511458E+00  0.8988821603E+00  0.0000000000E+00  0.0000000000E+00  0.0000000000E+00  0.2876218549E-01  0.3885712729E+00  0.1681961767E-02  0.0000000000E+00  0.0000000000E+00  0.0000000000E+00
87  0.5806422016E-06  0.9306669823E-06  0.1124911137E-05  0.5286813697E-06  0.1578624815E-05  0.1735893647E-03  0.2879775108E-01  0.2843011812E+01 -0.2120296369E+00  0.8988596033E+00  0.2326183000E+03  0.2874919980E-01  0.3885550221E+00  0.1680509307E-02  0.1735893647E-03  0.2879775108E-01  0.0000000000E+00  0.0000000000E+00  0.2843011812E+01 -0.2120296369E+00  0.8988596033E+00  0.0000000000E+00  0.0000000000E+00  0.0000000000E+00  0.2874919980E-01  0.3885550221E+00  0.1680509307E-02  0.0000000000E+00  0.0000000000E+00  0.0000000000E+00
88  0.2851018483E-06  0.6848893203E-06  0.7966745172E-06  0.4025178114E-06  0.8185121747E-06  0.1739845338E-03  0.2879976699E-01  0.2842949182E+01 -0.2120324972E+00  0.8988823332E+00  0.2350809000E+03  0.2875119226E-01  0.3885552959E+00  0.1681009439E-02  0.1739845338E-03  0.2879976699E-01  0.0000000000E+00  0.0000000000E+00  0.2842949182E+01 -0.2120324972E+00  0.8988823332E+00  0.0000000000E+00  0.0000000000E+00  0.0000000000E+00  0.2875119226E-01  0.3885552959E+00  0.1681009439E-02  0.0000000000E+00  0.0000000000E+00  0.0000000000E+00
89  0.1954785872E-06  0.5119398181E-06  0.5998065126E-06  0.3342062799E-06  0.5658022897E-06  0.1749952815E-03  0.2879523141E-01  0.2842914398E+01 -0.2119985717E+00  0.8988956033E+00  0.2375669000E+03  0.2874661000E-01  0.3885592522E+00  0.1681781427E-02  0.1749952815E-03  0.2879523141E-01  0.0000000000E+00  0.0000000000E+00  0.2842914398E+01 -0.2119985717E+00  0.8988956033E+00  0.0000000000E+00  0.0000000000E+00  0.0000000000E+00  0.2874661000E-01  0.3885592522E+00  0.1681781427E-02  0.0000000000E+00  0.0000000000E+00  0.0000000000E+00
90  0.1238378384E-06  0.4126004808E-06  0.4753428483E-06  0.2889878381E-06  0.3779817881E-06  0.1756930899E-03  0.2879304728E-01  0.2842876106E+01 -0.2119801302E+00  0.8989000863E+00  0.2402257000E+03  0.2874439234E-01  0.3885599191E+00  0.1682363971E-02  0.1756930899E-03  0.2879304728E-01  0.0000000000E+00  0.0000000000E+00  0.2842876106E+01 -0.2119801302E+00  0.8989000863E+00  0.0000000000E+00  0.0000000000E+00  0.0000000000E+00  0.2874439234E-01  0.3885599191E+00  0.1682363971E-02  0.0000000000E+00  0.0000000000E+00  0.0000000000E+00
91  0.9906014961E-07  0.3403091182E-06  0.3936302837E-06  0.2548172602E-06  0.3015622249E-06  0.1763277680E-03  0.2879024040E-01  0.2842851398E+01 -0.2119568692E+00  0.8989070359E+00  0.2427663000E+03  0.2874155610E-01  0.3885612826E+00  0.1682850879E-02  0.1763277680E-03  0.2879024040E-01  0.0000000000E+00  0.0000000000E+00  0.2842851398E+01 -0.2119568692E+00  0.8989070359E+00  0.0000000000E+00  0.0000000000E+00  0.0000000000E+00  0.2874155610E-01  0.3885612826E+00  0.1682850879E-02  0.0000000000E+00  0.0000000000E+00  0.0000000000E+00
92  0.8058140390E-07  0.2941071750E-06  0.3377334325E-06  0.2272211941E-06  0.2452917933E-06  0.1767575580E-03  0.2878900806E-01  0.2842840270E+01 -0.2119442436E+00  0.8989192107E+00  0.2452794000E+03  0.2874030295E-01  0.3885638598E+00  0.1683215584E-02  0.1767575580E-03  0.2878900806E-01  0.0000000000E+00  0.0000000000E+00  0.2842840270E+01 -0.2119442436E+00  0.8989192107E+00  0.0000000000E+00  0.0000000000E+00  0.0000000000E+00  0.2874030295E-01  0.3885638598E+00  0.1683215584E-02  0.0000000000E+00  0.0000000000E+00  0.0000000000E+00
93  0.7182931951E-07  0.2627942572E-06  0.2971628024E-06  0.2034097599E-06  0.2148888859E-06  0.1772516245E-03  0.2878822404E-01  0.2842849746E+01 -0.2119361373E+00  0.8989357162E+00  0.2478183000E+03  0.2873949415E-01  0.3885683981E+00  0.1683667941E-02  0.1772516245E-03  0.2878822404E-01  0.0000000000E+00  0.0000000000E+00  0.2842849746E+01 -0.2119361373E+00  0.8989357162E+00  0.0000000000E+00  0.0000000000E+00  0.0000000000E+00  0.2873949415E-01  0.3885683981E+00  0.1683667941E-02  0.0000000000E+00  0.0000000000E+00  0.0000000000E+00
94  0.6474152122E-07  0.2433097198E-06  0.2649668203E-06  0.1818521283E-06  0.1922502008E-06  0.1777352500E-03  0.2878800153E-01  0.2842873799E+01 -0.2119329490E+00  0.8989535453E+00  0.2503036000E+03  0.2873924663E-01  0.3885740270E+00  0.1684139258E-02  0.1777352500E-03  0.2878800153E-01  0.0000000000E+00  0.0000000000E+00  0.2842873799E+01 -0.2119329490E+00  0.8989535453E+00  0.0000000000E+00  0.0000000000E+00  0.0000000000E+00  0.2873924663E-01  0.3885740270E+00  0.1684139258E-02  0.0000000000E+00  0.0000000000E+00  0.0000000000E+00
95  0.6012193304E-07  0.2301888190E-06  0.2370566881E-06  0.1618048271E-06  0.1783722085E-06  0.1781660333E-03  0.2878789744E-01  0.2842909307E+01 -0.2119311932E+00  0.8989715340E+00  0.2527936000E+03  0.2873912014E-01  0.3885804563E+00  0.1684564004E-02  0.1781660333E-03  0.2878789744E-01  0.0000000000E+00  0.0000000000E+00  0.2842909307E+01 -0.2119311932E+00  0.8989715340E+00  0.0000000000E+00  0.0000000000E+00  0.0000000000E+00  0.2873912014E-01  0.3885804563E+00  0.1684564004E-02  0.0000000000E+00  0.0000000000E+00  0.0000000000E+00
96  0.5613217735E-07  0.2200144913E-06  0.2115879034E-06  0.1432006893E-06  0.1681133689E-06  0.1785442670E-03  0.2878792591E-01  0.2842952278E+01 -0.2119307733E+00  0.8989887965E+00  0.2553228000E+03  0.2873912878E-01  0.3885872844E+00  0.1684943209E-02  0.1785442670E-03  0.2878792591E-01  0.0000000000E+00  0.0000000000E+00  0.2842952278E+01 -0.2119307733E+00  0.8989887965E+00  0.0000000000E+00  0.0000000000E+00  0.0000000000E+00  0.2873912878E-01  0.3885872844E+00  0.1684943209E-02  0.0000000000E+00  0.0000000000E+00  0.0000000000E+00
97  0.5235135312E-07  0.2101012796E-06  0.1880511296E-06  0.1263818227E-06  0.1593374810E-06  0.1788949002E-03  0.2878798576E-01  0.2842999865E+01 -0.2119307204E+00  0.8990055959E+00  0.2577305000E+03  0.2873917019E-01  0.3885944047E+00  0.1685296494E-02  0.1788949002E-03  0.2878798576E-01  0.0000000000E+00  0.0000000000E+00  0.2842999865E+01 -0.2119307204E+00  0.8990055959E+00  0.0000000000E+00  0.0000000000E+00  0.0000000000E+00  0.2873917019E-01  0.3885944047E+00  0.1685296494E-02  0.0000000000E+00  0.0000000000E+00  0.0000000000E+00
98  0.4838214392E-07  0.1991509228E-06  0.1667314212E-06  0.1118717942E-06  0.1501564663E-06  0.1792162819E-03  0.2878809148E-01  0.2843049485E+01 -0.2119310899E+00  0.8990215575E+00  0.2601421000E+03  0.2873925895E-01  0.3886015181E+00  0.1685622968E-02  0.1792162819E-03  0.2878809148E-01  0.0000000000E+00  0.0000000000E+00  0.2843049485E+01 -0.2119310899E+00  0.8990215575E+00  0.0000000000E+00  0.0000000000E+00  0.0000000000E+00  0.2873925895E-01  0.3886015181E+00  0.1685622968E-02  0.0000000000E+00  0.0000000000E+00  0.0000000000E+00
99  0.4431249725E-07  0.1867647089E-06  0.1482560789E-06  0.1001098851E-06  0.1403402230E-06  0.1795110723E-03  0.2878822550E-01  0.2843099335E+01 -0.2119317428E+00  0.8990365406E+00  0.2626070000E+03  0.2873937735E-01  0.3886084475E+00  0.1685924369E-02  0.1795110723E-03  0.2878822550E-01  0.0000000000E+00  0.0000000000E+00  0.2843099335E+01 -0.2119317428E+00  0.8990365406E+00  0.0000000000E+00  0.0000000000E+00  0.0000000000E+00  0.2873937735E-01  0.3886084475E+00  0.1685924369E-02  0.0000000000E+00  0.0000000000E+00  0.0000000000E+00
100  0.4026119578E-07  0.1731830662E-06  0.1331249225E-06  0.9118885082E-07  0.1299841162E-06  0.1797828579E-03  0.2878838561E-01  0.2843148221E+01 -0.2119326468E+00  0.8990505384E+00  0.2650704000E+03  0.2873952302E-01  0.3886151085E+00  0.1686204161E-02  0.1797828579E-03  0.2878838561E-01  0.0000000000E+00  0.0000000000E+00  0.2843148221E+01 -0.2119326468E+00  0.8990505384E+00  0.0000000000E+00  0.0000000000E+00  0.0000000000E+00  0.2873952302E-01  0.3886151085E+00  0.1686204161E-02  0.0000000000E+00  0.0000000000E+00  0.0000000000E+00
