TITLE="fun3d_case_title"
VARIABLES="Iteration" "R_1" "R_2" "R_3" "R_4" "R_5" "C_L" "C_D" "C_M_x" "C_M_y" "C_M_z" "Wall Time" "C_x" "C_y" "C_z" "C_Lp" "C_Dp" "C_Lv" "C_Dv" "C_M_xp" "C_M_yp" "C_M_zp" "C_M_xv" "C_M_yv" "C_M_zv" "C_xp" "C_yp" "C_zp" "C_xv" "C_yv" "C_zv"
ZONE  I=100 F=POINT
1  0.1211075452E-03  0.6055377262E-04  0.8382154479E-15  0.8710184502E-15  0.3179073063E-03 -0.1732054210E+00  0.3098283781E+01  0.1211024939E+01 -0.1084623185E+02  0.7485745862E+01  0.7881902083E+01  0.3098283781E+01  0.3885693802E+00 -0.1732054210E+00 -0.1732054210E+00  0.3098283781E+01  0.0000000000E+00  0.0000000000E+00  0.1211024939E+01 -0.1084623185E+02  0.7485745862E+01  0.0000000000E+00  0.0000000000E+00  0.0000000000E+00  0.3098283781E+01  0.3885693802E+00 -0.1732054210E+00  0.0000000000E+00  0.0000000000E+00  0.0000000000E+00
2  0.8985403526E-04  0.4225922080E-04  0.5797637946E-04  0.6315693425E-05  0.2375369035E-03 -0.2803540193E+00  0.5098670760E+01  0.1235802585E+01 -0.1773875949E+02  0.1125096977E+02  0.8885769792E+01  0.5098670760E+01  0.3895079423E+00 -0.2803540193E+00 -0.2803540193E+00  0.5098670760E+01  0.0000000000E+00  0.0000000000E+00  0.1235802585E+01 -0.1773875949E+02  0.1125096977E+02  0.0000000000E+00  0.0000000000E+00  0.0000000000E+00  0.5098670760E+01  0.3895079423E+00 -0.2803540193E+00  0.0000000000E+00  0.0000000000E+00  0.0000000000E+00
3  0.7536428006E-04  0.4684152681E-04  0.8958872525E-04  0.9730493496E-05  0.1978570270E-03 -0.2859389009E+00  0.5712045812E+01  0.2449423445E+01 -0.1979048084E+02  0.1242779274E+02  0.9857344792E+01  0.5712045812E+01  0.6902908927E+00 -0.2859389009E+00 -0.2859389009E+00  0.5712045812E+01  0.0000000000E+00  0.0000000000E+00  0.2449423445E+01 -0.1979048084E+02  0.1242779274E+02  0.0000000000E+00  0.0000000000E+00  0.0000000000E+00  0.5712045812E+01  0.6902908927E+00 -0.2859389009E+00  0.0000000000E+00  0.0000000000E+00  0.0000000000E+00
4  0.7597472304E-04  0.6036100544E-04  0.1009527639E-03  0.1373242893E-04  0.1941238000E-03 -0.2079882944E+00  0.5120036919E+01  0.4702050260E+01 -0.1776000853E+02  0.1185639431E+02  0.1085176979E+02  0.5120036919E+01  0.1306188566E+01 -0.2079882944E+00 -0.2079882944E+00  0.5120036919E+01  0.0000000000E+00  0.0000000000E+00  0.4702050260E+01 -0.1776000853E+02  0.1185639431E+02  0.0000000000E+00  0.0000000000E+00  0.0000000000E+00  0.5120036919E+01  0.1306188566E+01 -0.2079882944E+00  0.0000000000E+00  0.0000000000E+00  0.0000000000E+00
5  0.8012132652E-04  0.7510269287E-04  0.1066367053E-03  0.2053156621E-04  0.1992298747E-03 -0.9689381036E-01  0.4045179929E+01  0.7824738024E+01 -0.1408754268E+02  0.1097441602E+02  0.1183239479E+02  0.4045179929E+01  0.2165884720E+01 -0.9689381036E-01 -0.9689381036E-01  0.4045179929E+01  0.0000000000E+00  0.0000000000E+00  0.7824738024E+01 -0.1408754268E+02  0.1097441602E+02  0.0000000000E+00  0.0000000000E+00  0.0000000000E+00  0.4045179929E+01  0.2165884720E+01 -0.9689381036E-01  0.0000000000E+00  0.0000000000E+00  0.0000000000E+00
6  0.7903371392E-04  0.8768209293E-04  0.1108818043E-03  0.2951943241E-04  0.1880945807E-03  0.1778722449E-01  0.3039321916E+01  0.1168371946E+02 -0.1069138401E+02  0.1070032962E+02  0.1281959479E+02  0.3039321916E+01  0.3216085326E+01  0.1778722449E-01  0.1778722449E-01  0.3039321916E+01  0.0000000000E+00  0.0000000000E+00  0.1168371946E+02 -0.1069138401E+02  0.1070032962E+02  0.0000000000E+00  0.0000000000E+00  0.0000000000E+00  0.3039321916E+01  0.3216085326E+01  0.1778722449E-01  0.0000000000E+00  0.0000000000E+00  0.0000000000E+00
7  0.8095562945E-04  0.9757994193E-04  0.1113988019E-03  0.4034170476E-04  0.1853880619E-03  0.1232822988E+00  0.2291187119E+01  0.1573841567E+02 -0.8230747541E+01  0.1108830495E+02  0.1380824479E+02  0.2291187119E+01  0.4332978336E+01  0.1232822988E+00  0.1232822988E+00  0.2291187119E+01  0.0000000000E+00  0.0000000000E+00  0.1573841567E+02 -0.8230747541E+01  0.1108830495E+02  0.0000000000E+00  0.0000000000E+00  0.0000000000E+00  0.2291187119E+01  0.4332978336E+01  0.1232822988E+00  0.0000000000E+00  0.0000000000E+00  0.0000000000E+00
8  0.8767272809E-04  0.1031830379E-03  0.1088240392E-03  0.5110799475E-04  0.1982601073E-03  0.2188170831E+00  0.1759489272E+01  0.1955576841E+02 -0.6558362535E+01  0.1177930575E+02  0.1479236979E+02  0.1759489272E+01  0.5413298690E+01  0.2188170831E+00  0.2188170831E+00  0.1759489272E+01  0.0000000000E+00  0.0000000000E+00  0.1955576841E+02 -0.6558362535E+01  0.1177930575E+02  0.0000000000E+00  0.0000000000E+00  0.0000000000E+00  0.1759489272E+01  0.5413298690E+01  0.2188170831E+00  0.0000000000E+00  0.0000000000E+00  0.0000000000E+00
9  0.9484717399E-04  0.1032298105E-03  0.1054926039E-03  0.5933383093E-04  0.2138517663E-03  0.3053828446E+00  0.1340238536E+01  0.2274448135E+02 -0.5292756650E+01  0.1236713803E+02  0.1577736979E+02  0.1340238536E+01  0.6346447249E+01  0.3053828446E+00  0.3053828446E+00  0.1340238536E+01  0.0000000000E+00  0.0000000000E+00  0.2274448135E+02 -0.5292756650E+01  0.1236713803E+02  0.0000000000E+00  0.0000000000E+00  0.0000000000E+00  0.1340238536E+01  0.6346447249E+01  0.3053828446E+00  0.0000000000E+00  0.0000000000E+00  0.0000000000E+00
10  0.1000836733E-03  0.1008259954E-03  0.1060268079E-03  0.6564876837E-04  0.2267065040E-03  0.3798813898E+00  0.9707204616E+00  0.2489138767E+02 -0.4184253548E+01  0.1256485324E+02  0.1676936979E+02  0.9707204616E+00  0.6999181544E+01  0.3798813898E+00  0.3798813898E+00  0.9707204616E+00  0.0000000000E+00  0.0000000000E+00  0.2489138767E+02 -0.4184253548E+01  0.1256485324E+02  0.0000000000E+00  0.0000000000E+00  0.0000000000E+00  0.9707204616E+00  0.6999181544E+01  0.3798813898E+00  0.0000000000E+00  0.0000000000E+00  0.0000000000E+00
11  0.1013613033E-03  0.1034739410E-03  0.1161205233E-03  0.7527370602E-04  0.2326883428E-03  0.4373053743E+00  0.6432517324E+00  0.2567117825E+02 -0.3179200775E+01  0.1223896376E+02  0.1775736979E+02  0.6432517324E+00  0.7256983441E+01  0.4373053743E+00  0.4373053743E+00  0.6432517324E+00  0.0000000000E+00  0.0000000000E+00  0.2567117825E+02 -0.3179200775E+01  0.1223896376E+02  0.0000000000E+00  0.0000000000E+00  0.0000000000E+00  0.6432517324E+00  0.7256983441E+01  0.4373053743E+00  0.0000000000E+00  0.0000000000E+00  0.0000000000E+00
12  0.9709695757E-04  0.1130118414E-03  0.1324895971E-03  0.9017148722E-04  0.2252404521E-03  0.4749110474E+00  0.3763812684E+00  0.2503579371E+02 -0.2332414173E+01  0.1141342285E+02  0.1874336979E+02  0.3763812684E+00  0.7087378179E+01  0.4749110474E+00  0.4749110474E+00  0.3763812684E+00  0.0000000000E+00  0.0000000000E+00  0.2503579371E+02 -0.2332414173E+01  0.1141342285E+02  0.0000000000E+00  0.0000000000E+00  0.0000000000E+00  0.3763812684E+00  0.7087378179E+01  0.4749110474E+00  0.0000000000E+00  0.0000000000E+00  0.0000000000E+00
13  0.8981047629E-04  0.1216316134E-03  0.1446809849E-03  0.1036268613E-03  0.2077502843E-03  0.5074120263E+00  0.1948281176E+00  0.2383824742E+02 -0.1749448984E+01  0.1035876775E+02  0.1973176979E+02  0.1948281176E+00  0.6670610109E+01  0.5074120263E+00  0.5074120263E+00  0.1948281176E+00  0.0000000000E+00  0.0000000000E+00  0.2383824742E+02 -0.1749448984E+01  0.1035876775E+02  0.0000000000E+00  0.0000000000E+00  0.0000000000E+00  0.1948281176E+00  0.6670610109E+01  0.5074120263E+00  0.0000000000E+00  0.0000000000E+00  0.0000000000E+00
14  0.8563838896E-04  0.1241960327E-03  0.1498458253E-03  0.1097918933E-03  0.1986142341E-03  0.5154119916E+00  0.1030228057E+00  0.2138922557E+02 -0.1445334139E+01  0.9142040893E+01  0.2072336979E+02  0.1030228057E+00  0.5918051099E+01  0.5154119916E+00  0.5154119916E+00  0.1030228057E+00  0.0000000000E+00  0.0000000000E+00  0.2138922557E+02 -0.1445334139E+01  0.9142040893E+01  0.0000000000E+00  0.0000000000E+00  0.0000000000E+00  0.1030228057E+00  0.5918051099E+01  0.5154119916E+00  0.0000000000E+00  0.0000000000E+00  0.0000000000E+00
15  0.8660685801E-04  0.1240768108E-03  0.1580690280E-03  0.1123737239E-03  0.2064084986E-03  0.4953333866E+00  0.1022522699E+00  0.1911413285E+02 -0.1416734358E+01  0.8176495723E+01  0.2172466979E+02  0.1022522699E+00  0.5210837454E+01  0.4953333866E+00  0.4953333866E+00  0.1022522699E+00  0.0000000000E+00  0.0000000000E+00  0.1911413285E+02 -0.1416734358E+01  0.8176495723E+01  0.0000000000E+00  0.0000000000E+00  0.0000000000E+00  0.1022522699E+00  0.5210837454E+01  0.4953333866E+00  0.0000000000E+00  0.0000000000E+00  0.0000000000E+00
16  0.8775931198E-04  0.1257499298E-03  0.1780898343E-03  0.1199513136E-03  0.2125411365E-03  0.4644343455E+00  0.1795633702E+00  0.1758829639E+02 -0.1640352160E+01  0.7694964052E+01  0.2271634479E+02  0.1795633702E+00  0.4711508112E+01  0.4644343455E+00  0.4644343455E+00  0.1795633702E+00  0.0000000000E+00  0.0000000000E+00  0.1758829639E+02 -0.1640352160E+01  0.7694964052E+01  0.0000000000E+00  0.0000000000E+00  0.0000000000E+00  0.1795633702E+00  0.4711508112E+01  0.4644343455E+00  0.0000000000E+00  0.0000000000E+00  0.0000000000E+00
17  0.8568408317E-04  0.1261504552E-03  0.2016247123E-03  0.1318735944E-03  0.2029309971E-03  0.4247405179E+00  0.3113021436E+00  0.1708342103E+02 -0.2032361094E+01  0.7765377943E+01  0.2370546979E+02  0.3113021436E+00  0.4518655771E+01  0.4247405179E+00  0.4247405179E+00  0.3113021436E+00  0.0000000000E+00  0.0000000000E+00  0.1708342103E+02 -0.2032361094E+01  0.7765377943E+01  0.0000000000E+00  0.0000000000E+00  0.0000000000E+00  0.3113021436E+00  0.4518655771E+01  0.4247405179E+00  0.0000000000E+00  0.0000000000E+00  0.0000000000E+00
18  0.8111665654E-04  0.1200554657E-03  0.2161574541E-03  0.1390914288E-03  0.1850331478E-03  0.3848266609E+00  0.4635551292E+00  0.1761043032E+02 -0.2482903923E+01  0.8304884602E+01  0.2476346979E+02  0.4635551292E+00  0.4648883399E+01  0.3848266609E+00  0.3848266609E+00  0.4635551292E+00  0.0000000000E+00  0.0000000000E+00  0.1761043032E+02 -0.2482903923E+01  0.8304884602E+01  0.0000000000E+00  0.0000000000E+00  0.0000000000E+00  0.4635551292E+00  0.4648883399E+01  0.3848266609E+00  0.0000000000E+00  0.0000000000E+00  0.0000000000E+00
19  0.7584778882E-04  0.1081646924E-03  0.2193385288E-03  0.1372116261E-03  0.1739836175E-03  0.3559552993E+00  0.6018284339E+00  0.1891520628E+02 -0.2888686451E+01  0.9115569594E+01  0.2580476979E+02  0.6018284339E+00  0.5032901760E+01  0.3559552993E+00  0.3559552993E+00  0.6018284339E+00  0.0000000000E+00  0.0000000000E+00  0.1891520628E+02 -0.2888686451E+01  0.9115569594E+01  0.0000000000E+00  0.0000000000E+00  0.0000000000E+00  0.6018284339E+00  0.5032901760E+01  0.3559552993E+00  0.0000000000E+00  0.0000000000E+00  0.0000000000E+00
20  0.7132945696E-04  0.9642878520E-04  0.2171403658E-03  0.1301150292E-03  0.1711226098E-03  0.3469418039E+00  0.6995450952E+00  0.2059973003E+02 -0.3174131353E+01  0.9954022026E+01  0.2679734479E+02  0.6995450952E+00  0.5548006800E+01  0.3469418039E+00  0.3469418039E+00  0.6995450952E+00  0.0000000000E+00  0.0000000000E+00  0.2059973003E+02 -0.3174131353E+01  0.9954022026E+01  0.0000000000E+00  0.0000000000E+00  0.0000000000E+00  0.6995450952E+00  0.5548006800E+01  0.3469418039E+00  0.0000000000E+00  0.0000000000E+00  0.0000000000E+00
21  0.6875965734E-04  0.8975019594E-04  0.2139477663E-03  0.1237383868E-03  0.1667641814E-03  0.3653094153E+00  0.7498250419E+00  0.2227883434E+02 -0.3340664327E+01  0.1063001123E+02  0.2778836979E+02  0.7498250419E+00  0.6057233390E+01  0.3653094153E+00  0.3653094153E+00  0.7498250419E+00  0.0000000000E+00  0.0000000000E+00  0.2227883434E+02 -0.3340664327E+01  0.1063001123E+02  0.0000000000E+00  0.0000000000E+00  0.0000000000E+00  0.7498250419E+00  0.6057233390E+01  0.3653094153E+00  0.0000000000E+00  0.0000000000E+00  0.0000000000E+00
22  0.6736113448E-04  0.8774833233E-04  0.2075001666E-03  0.1187371552E-03  0.1569026106E-03  0.4020838774E+00  0.7541156883E+00  0.2356742491E+02 -0.3386716056E+01  0.1100847848E+02  0.2878534479E+02  0.7541156883E+00  0.6444345697E+01  0.4020838774E+00  0.4020838774E+00  0.7541156883E+00  0.0000000000E+00  0.0000000000E+00  0.2356742491E+02 -0.3386716056E+01  0.1100847848E+02  0.0000000000E+00  0.0000000000E+00  0.0000000000E+00  0.7541156883E+00  0.6444345697E+01  0.4020838774E+00  0.0000000000E+00  0.0000000000E+00  0.0000000000E+00
23  0.6417708399E-04  0.8728136352E-04  0.1937686483E-03  0.1112813235E-03  0.1446945349E-03  0.4458982957E+00  0.7258912510E+00  0.2427535712E+02 -0.3346363996E+01  0.1106855193E+02  0.2977634479E+02  0.7258912510E+00  0.6648720888E+01  0.4458982957E+00  0.4458982957E+00  0.7258912510E+00  0.0000000000E+00  0.0000000000E+00  0.2427535712E+02 -0.3346363996E+01  0.1106855193E+02  0.0000000000E+00  0.0000000000E+00  0.0000000000E+00  0.7258912510E+00  0.6648720888E+01  0.4458982957E+00  0.0000000000E+00  0.0000000000E+00  0.0000000000E+00
24  0.5725923120E-04  0.8601945042E-04  0.1725486150E-03  0.9923197656E-04  0.1325478527E-03  0.4840352981E+00  0.6829022966E+00  0.2442651188E+02 -0.3260260220E+01  0.1088938407E+02  0.3077543229E+02  0.6829022966E+00  0.6678146636E+01  0.4840352981E+00  0.4840352981E+00  0.6829022966E+00  0.0000000000E+00  0.0000000000E+00  0.2442651188E+02 -0.3260260220E+01  0.1088938407E+02  0.0000000000E+00  0.0000000000E+00  0.0000000000E+00  0.6829022966E+00  0.6678146636E+01  0.4840352981E+00  0.0000000000E+00  0.0000000000E+00  0.0000000000E+00
25  0.4806321460E-04  0.8290566866E-04  0.1475617821E-03  0.8439178002E-04  0.1195458768E-03  0.5078072654E+00  0.6410277199E+00  0.2420327385E+02 -0.3164481973E+01  0.1060533814E+02  0.3175734479E+02  0.6410277199E+00  0.6591332450E+01  0.5078072654E+00  0.5078072654E+00  0.6410277199E+00  0.0000000000E+00  0.0000000000E+00  0.2420327385E+02 -0.3164481973E+01  0.1060533814E+02  0.0000000000E+00  0.0000000000E+00  0.0000000000E+00  0.6410277199E+00  0.6591332450E+01  0.5078072654E+00  0.0000000000E+00  0.0000000000E+00  0.0000000000E+00
26  0.4026847278E-04  0.7761389408E-04  0.1231573514E-03  0.7029616450E-04  0.1050471187E-03  0.5159871637E+00  0.6108595741E+00  0.2387707791E+02 -0.3086606166E+01  0.1035473140E+02  0.3275036979E+02  0.6108595741E+00  0.6471115548E+01  0.5159871637E+00  0.5159871637E+00  0.6108595741E+00  0.0000000000E+00  0.0000000000E+00  0.2387707791E+02 -0.3086606166E+01  0.1035473140E+02  0.0000000000E+00  0.0000000000E+00  0.0000000000E+00  0.6108595741E+00  0.6471115548E+01  0.5159871637E+00  0.0000000000E+00  0.0000000000E+00  0.0000000000E+00
27  0.3561545973E-04  0.7036409816E-04  0.1015955652E-03  0.5912376322E-04  0.9039694984E-04  0.5124547478E+00  0.5957530403E+00  0.2359098410E+02 -0.3040368587E+01  0.1021579241E+02  0.3374046979E+02  0.5957530403E+00  0.6369823120E+01  0.5124547478E+00  0.5124547478E+00  0.5957530403E+00  0.0000000000E+00  0.0000000000E+00  0.2359098410E+02 -0.3040368587E+01  0.1021579241E+02  0.0000000000E+00  0.0000000000E+00  0.0000000000E+00  0.5957530403E+00  0.6369823120E+01  0.5124547478E+00  0.0000000000E+00  0.0000000000E+00  0.0000000000E+00
28  0.3202438075E-04  0.6183682010E-04  0.8296126839E-04  0.5049547370E-04  0.7730068586E-04  0.5007273346E+00  0.5913294952E+00  0.2351604609E+02 -0.3010946482E+01  0.1022083990E+02  0.3475336979E+02  0.5913294952E+00  0.6342256813E+01  0.5007273346E+00  0.5007273346E+00  0.5913294952E+00  0.0000000000E+00  0.0000000000E+00  0.2351604609E+02 -0.3010946482E+01  0.1022083990E+02  0.0000000000E+00  0.0000000000E+00  0.0000000000E+00  0.5913294952E+00  0.6342256813E+01  0.5007273346E+00  0.0000000000E+00  0.0000000000E+00  0.0000000000E+00
29  0.2728666992E-04  0.5291227665E-04  0.6685677408E-04  0.4292107961E-04  0.6592283717E-04  0.4906371316E+00  0.5942487799E+00  0.2365011154E+02 -0.3003380759E+01  0.1033374349E+02  0.3574336979E+02  0.5942487799E+00  0.6381876492E+01  0.4906371316E+00  0.4906371316E+00  0.5942487799E+00  0.0000000000E+00  0.0000000000E+00  0.2365011154E+02 -0.3003380759E+01  0.1033374349E+02  0.0000000000E+00  0.0000000000E+00  0.0000000000E+00  0.5942487799E+00  0.6381876492E+01  0.4906371316E+00  0.0000000000E+00  0.0000000000E+00  0.0000000000E+00
30  0.2166127000E-04  0.4445692718E-04  0.5340483331E-04  0.3575011588E-04  0.5529261485E-04  0.4861071420E+00  0.6003327619E+00  0.2391164516E+02 -0.3011406571E+01  0.1048949953E+02  0.3673936979E+02  0.6003327619E+00  0.6461986951E+01  0.4861071420E+00  0.4861071420E+00  0.6003327619E+00  0.0000000000E+00  0.0000000000E+00  0.2391164516E+02 -0.3011406571E+01  0.1048949953E+02  0.0000000000E+00  0.0000000000E+00  0.0000000000E+00  0.6003327619E+00  0.6461986951E+01  0.4861071420E+00  0.0000000000E+00  0.0000000000E+00  0.0000000000E+00
31  0.1684787516E-04  0.3699965378E-04  0.4282987645E-04  0.2930708234E-04  0.4499636871E-04  0.4879023144E+00  0.6068322613E+00  0.2420179335E+02 -0.3029245848E+01  0.1062900605E+02  0.3772076979E+02  0.6068322613E+00  0.6550395581E+01  0.4879023144E+00  0.4879023144E+00  0.6068322613E+00  0.0000000000E+00  0.0000000000E+00  0.2420179335E+02 -0.3029245848E+01  0.1062900605E+02  0.0000000000E+00  0.0000000000E+00  0.0000000000E+00  0.6068322613E+00  0.6550395581E+01  0.4879023144E+00  0.0000000000E+00  0.0000000000E+00  0.0000000000E+00
32  0.1384406837E-04  0.3057661190E-04  0.3482833843E-04  0.2417018150E-04  0.3584420343E-04  0.4940871763E+00  0.6127958801E+00  0.2444291974E+02 -0.3052688401E+01  0.1071934221E+02  0.3873136979E+02  0.6127958801E+00  0.6622350556E+01  0.4940871763E+00  0.4940871763E+00  0.6127958801E+00  0.0000000000E+00  0.0000000000E+00  0.2444291974E+02 -0.3052688401E+01  0.1071934221E+02  0.0000000000E+00  0.0000000000E+00  0.0000000000E+00  0.6127958801E+00  0.6622350556E+01  0.4940871763E+00  0.0000000000E+00  0.0000000000E+00  0.0000000000E+00
33  0.1188954007E-04  0.2498834862E-04  0.2871834939E-04  0.2047486747E-04  0.2886719530E-04  0.5015906714E+00  0.6181512501E+00  0.2459946872E+02 -0.3078037868E+01  0.1075790456E+02  0.3969336979E+02  0.6181512501E+00  0.6667073774E+01  0.5015906714E+00  0.5015906714E+00  0.6181512501E+00  0.0000000000E+00  0.0000000000E+00  0.2459946872E+02 -0.3078037868E+01  0.1075790456E+02  0.0000000000E+00  0.0000000000E+00  0.0000000000E+00  0.6181512501E+00  0.6667073774E+01  0.5015906714E+00  0.0000000000E+00  0.0000000000E+00  0.0000000000E+00
34  0.9909913114E-05  0.2020862565E-04  0.2397371566E-04  0.1776234611E-04  0.2394022171E-04  0.5083426715E+00  0.6232716497E+00  0.2468610337E+02 -0.3103707620E+01  0.1076457852E+02  0.4067836979E+02  0.6232716497E+00  0.6689643121E+01  0.5083426715E+00  0.5083426715E+00  0.6232716497E+00  0.0000000000E+00  0.0000000000E+00  0.2468610337E+02 -0.3103707620E+01  0.1076457852E+02  0.0000000000E+00  0.0000000000E+00  0.0000000000E+00  0.6232716497E+00  0.6689643121E+01  0.5083426715E+00  0.0000000000E+00  0.0000000000E+00  0.0000000000E+00
35  0.7708908891E-05  0.1634346796E-04  0.2029014373E-04  0.1542329092E-04  0.1990963852E-04  0.5129516511E+00  0.6275119397E+00  0.2473113856E+02 -0.3125076042E+01  0.1076306716E+02  0.4163036979E+02  0.6275119397E+00  0.6699666990E+01  0.5129516511E+00  0.5129516511E+00  0.6275119397E+00  0.0000000000E+00  0.0000000000E+00  0.2473113856E+02 -0.3125076042E+01  0.1076306716E+02  0.0000000000E+00  0.0000000000E+00  0.0000000000E+00  0.6275119397E+00  0.6699666990E+01  0.5129516511E+00  0.0000000000E+00  0.0000000000E+00  0.0000000000E+00
36  0.5809382752E-05  0.1337915341E-04  0.1744373066E-04  0.1317930646E-04  0.1599629509E-04  0.5156223322E+00  0.6303477287E+00  0.2477077553E+02 -0.3139994423E+01  0.1077147033E+02  0.4261436979E+02  0.6303477287E+00  0.6708634771E+01  0.5156223322E+00  0.5156223322E+00  0.6303477287E+00  0.0000000000E+00  0.0000000000E+00  0.2477077553E+02 -0.3139994423E+01  0.1077147033E+02  0.0000000000E+00  0.0000000000E+00  0.0000000000E+00  0.6303477287E+00  0.6708634771E+01  0.5156223322E+00  0.0000000000E+00  0.0000000000E+00  0.0000000000E+00
37  0.4624430281E-05  0.1098504956E-04  0.1519742445E-04  0.1118430916E-04  0.1250577099E-04  0.5169772178E+00  0.6312634438E+00  0.2482438973E+02 -0.3146619450E+01  0.1079544267E+02  0.4356636979E+02  0.6312634438E+00  0.6722683797E+01  0.5169772178E+00  0.5169772178E+00  0.6312634438E+00  0.0000000000E+00  0.0000000000E+00  0.2482438973E+02 -0.3146619450E+01  0.1079544267E+02  0.0000000000E+00  0.0000000000E+00  0.0000000000E+00  0.6312634438E+00  0.6722683797E+01  0.5169772178E+00  0.0000000000E+00  0.0000000000E+00  0.0000000000E+00
38  0.3917828192E-05  0.8846436765E-05  0.1341455156E-04  0.9701230300E-05  0.9813521070E-05  0.5178892902E+00  0.6304262383E+00  0.2489842196E+02 -0.3146149924E+01  0.1083213133E+02  0.4455336979E+02  0.6304262383E+00  0.6743553383E+01  0.5178892902E+00  0.5178892902E+00  0.6304262383E+00  0.0000000000E+00  0.0000000000E+00  0.2489842196E+02 -0.3146149924E+01  0.1083213133E+02  0.0000000000E+00  0.0000000000E+00  0.0000000000E+00  0.6304262383E+00  0.6743553383E+01  0.5178892902E+00  0.0000000000E+00  0.0000000000E+00  0.0000000000E+00
39  0.3289724516E-05  0.6947646743E-05  0.1207454548E-04  0.8732325872E-05  0.8038828577E-05  0.5189158528E+00  0.6287683972E+00  0.2498105577E+02 -0.3142088852E+01  0.1087111677E+02  0.4551346979E+02  0.6287683972E+00  0.6767354298E+01  0.5189158528E+00  0.5189158528E+00  0.6287683972E+00  0.0000000000E+00  0.0000000000E+00  0.2498105577E+02 -0.3142088852E+01  0.1087111677E+02  0.0000000000E+00  0.0000000000E+00  0.0000000000E+00  0.6287683972E+00  0.6767354298E+01  0.5189158528E+00  0.0000000000E+00  0.0000000000E+00  0.0000000000E+00
40  0.2622051364E-05  0.5469577073E-05  0.1111454371E-04  0.8008929701E-05  0.6690684900E-05  0.5202766891E+00  0.6273247362E+00  0.2506305308E+02 -0.3138301240E+01  0.1090632155E+02  0.4649936979E+02  0.6273247362E+00  0.6791047801E+01  0.5202766891E+00  0.5202766891E+00  0.6273247362E+00  0.0000000000E+00  0.0000000000E+00  0.2506305308E+02 -0.3138301240E+01  0.1090632155E+02  0.0000000000E+00  0.0000000000E+00  0.0000000000E+00  0.6273247362E+00  0.6791047801E+01  0.5202766891E+00  0.0000000000E+00  0.0000000000E+00  0.0000000000E+00
41  0.2066533840E-05  0.4448572782E-05  0.1041095781E-04  0.7344410014E-05  0.5487630640E-05  0.5218884772E+00  0.6270099909E+00  0.2513237773E+02 -0.3138124440E+01  0.1093299393E+02  0.4745236979E+02  0.6270099909E+00  0.6810912450E+01  0.5218884772E+00  0.5218884772E+00  0.6270099909E+00  0.0000000000E+00  0.0000000000E+00  0.2513237773E+02 -0.3138124440E+01  0.1093299393E+02  0.0000000000E+00  0.0000000000E+00  0.0000000000E+00  0.6270099909E+00  0.6810912450E+01  0.5218884772E+00  0.0000000000E+00  0.0000000000E+00  0.0000000000E+00
42  0.1712622342E-05  0.3704642116E-05  0.9801579416E-05  0.6718322389E-05  0.4428994310E-05  0.5235973236E+00  0.6280534456E+00  0.2518928919E+02 -0.3142586197E+01  0.1095327773E+02  0.4843736979E+02  0.6280534456E+00  0.6827075015E+01  0.5235973236E+00  0.5235973236E+00  0.6280534456E+00  0.0000000000E+00  0.0000000000E+00  0.2518928919E+02 -0.3142586197E+01  0.1095327773E+02  0.0000000000E+00  0.0000000000E+00  0.0000000000E+00  0.6280534456E+00  0.6827075015E+01  0.5235973236E+00  0.0000000000E+00  0.0000000000E+00  0.0000000000E+00
43  0.1492735161E-05  0.3072735705E-05  0.9219934053E-05  0.6188450873E-05  0.3708657903E-05  0.5252257815E+00  0.6300043299E+00  0.2523484057E+02 -0.3150337447E+01  0.1096966419E+02  0.4939146979E+02  0.6300043299E+00  0.6839947811E+01  0.5252257815E+00  0.5252257815E+00  0.6300043299E+00  0.0000000000E+00  0.0000000000E+00  0.2523484057E+02 -0.3150337447E+01  0.1096966419E+02  0.0000000000E+00  0.0000000000E+00  0.0000000000E+00  0.6300043299E+00  0.6839947811E+01  0.5252257815E+00  0.0000000000E+00  0.0000000000E+00  0.0000000000E+00
44  0.1273938301E-05  0.2552927139E-05  0.8631184700E-05  0.5730125826E-05  0.3213818401E-05  0.5267098907E+00  0.6321984961E+00  0.2527562773E+02 -0.3159208360E+01  0.1098582847E+02  0.5037456979E+02  0.6321984961E+00  0.6851556374E+01  0.5267098907E+00  0.5267098907E+00  0.6321984961E+00  0.0000000000E+00  0.0000000000E+00  0.2527562773E+02 -0.3159208360E+01  0.1098582847E+02  0.0000000000E+00  0.0000000000E+00  0.0000000000E+00  0.6321984961E+00  0.6851556374E+01  0.5267098907E+00  0.0000000000E+00  0.0000000000E+00  0.0000000000E+00
45  0.1052037496E-05  0.2198442912E-05  0.8036351318E-05  0.5289030661E-05  0.2795803817E-05  0.5280123523E+00  0.6339149898E+00  0.2531393300E+02 -0.3166626556E+01  0.1100248963E+02  0.5131936979E+02  0.6339149898E+00  0.6862564304E+01  0.5280123523E+00  0.5280123523E+00  0.6339149898E+00  0.0000000000E+00  0.0000000000E+00  0.2531393300E+02 -0.3166626556E+01  0.1100248963E+02  0.0000000000E+00  0.0000000000E+00  0.0000000000E+00  0.6339149898E+00  0.6862564304E+01  0.5280123523E+00  0.0000000000E+00  0.0000000000E+00  0.0000000000E+00
46  0.8740350347E-06  0.1962738568E-05  0.7420553530E-05  0.4834033183E-05  0.2381291647E-05  0.5291484602E+00  0.6348988536E+00  0.2535107912E+02 -0.3171522856E+01  0.1101933330E+02  0.5226836979E+02  0.6348988536E+00  0.6873309158E+01  0.5291484602E+00  0.5291484602E+00  0.6348988536E+00  0.0000000000E+00  0.0000000000E+00  0.2535107912E+02 -0.3171522856E+01  0.1101933330E+02  0.0000000000E+00  0.0000000000E+00  0.0000000000E+00  0.6348988536E+00  0.6873309158E+01  0.5291484602E+00  0.0000000000E+00  0.0000000000E+00  0.0000000000E+00
47  0.7709088443E-06  0.1759949687E-05  0.6793898359E-05  0.4389834937E-05  0.2067664241E-05  0.5301444777E+00  0.6352649277E+00  0.2538640138E+02 -0.3174099286E+01  0.1103532221E+02  0.5321336979E+02  0.6352649277E+00  0.6883545043E+01  0.5301444777E+00  0.5301444777E+00  0.6352649277E+00  0.0000000000E+00  0.0000000000E+00  0.2538640138E+02 -0.3174099286E+01  0.1103532221E+02  0.0000000000E+00  0.0000000000E+00  0.0000000000E+00  0.6352649277E+00  0.6883545043E+01  0.5301444777E+00  0.0000000000E+00  0.0000000000E+00  0.0000000000E+00
48  0.6991192368E-06  0.1566800153E-05  0.6181169190E-05  0.3983078600E-05  0.1859893884E-05  0.5310329156E+00  0.6353209750E+00  0.2542041027E+02 -0.3175311405E+01  0.1105039796E+02  0.5419536979E+02  0.6353209750E+00  0.6893417545E+01  0.5310329156E+00  0.5310329156E+00  0.6353209750E+00  0.0000000000E+00  0.0000000000E+00  0.2542041027E+02 -0.3175311405E+01  0.1105039796E+02  0.0000000000E+00  0.0000000000E+00  0.0000000000E+00  0.6353209750E+00  0.6893417545E+01  0.5310329156E+00  0.0000000000E+00  0.0000000000E+00  0.0000000000E+00
49  0.6286512665E-06  0.1402407176E-05  0.5611846727E-05  0.3621648746E-05  0.1704110044E-05  0.5318465594E+00  0.6354264002E+00  0.2544977512E+02 -0.3176383082E+01  0.1106310906E+02  0.5514136979E+02  0.6354264002E+00  0.6901914682E+01  0.5318465594E+00  0.5318465594E+00  0.6354264002E+00  0.0000000000E+00  0.0000000000E+00  0.2544977512E+02 -0.3176383082E+01  0.1106310906E+02  0.0000000000E+00  0.0000000000E+00  0.0000000000E+00  0.6354264002E+00  0.6901914682E+01  0.5318465594E+00  0.0000000000E+00  0.0000000000E+00  0.0000000000E+00
50  0.5528262108E-06  0.1265196269E-05  0.5085904822E-05  0.3286657735E-05  0.1525389560E-05  0.5326025180E+00  0.6357625220E+00  0.2547487969E+02 -0.3178056494E+01  0.1107396297E+02  0.5609136979E+02  0.6357625220E+00  0.6909182671E+01  0.5326025180E+00  0.5326025180E+00  0.6357625220E+00  0.0000000000E+00  0.0000000000E+00  0.2547487969E+02 -0.3178056494E+01  0.1107396297E+02  0.0000000000E+00  0.0000000000E+00  0.0000000000E+00  0.6357625220E+00  0.6909182671E+01  0.5326025180E+00  0.0000000000E+00  0.0000000000E+00  0.0000000000E+00
51  0.4902928053E-06  0.1140041794E-05  0.4602167250E-05  0.2975309368E-05  0.1350947780E-05  0.5333088280E+00  0.6363215619E+00  0.2549666167E+02 -0.3180436167E+01  0.1108362722E+02  0.5703236979E+02  0.6363215619E+00  0.6915519370E+01  0.5333088280E+00  0.5333088280E+00  0.6363215619E+00  0.0000000000E+00  0.0000000000E+00  0.2549666167E+02 -0.3180436167E+01  0.1108362722E+02  0.0000000000E+00  0.0000000000E+00  0.0000000000E+00  0.6363215619E+00  0.6915519370E+01  0.5333088280E+00  0.0000000000E+00  0.0000000000E+00  0.0000000000E+00
52  0.4379538937E-06  0.1020428833E-05  0.4157082531E-05  0.2690209304E-05  0.1196859284E-05  0.5339647611E+00  0.6370147230E+00  0.2551707626E+02 -0.3183283306E+01  0.1109305254E+02  0.5800146979E+02  0.6370147230E+00  0.6921511064E+01  0.5339647611E+00  0.5339647611E+00  0.6370147230E+00  0.0000000000E+00  0.0000000000E+00  0.2551707626E+02 -0.3183283306E+01  0.1109305254E+02  0.0000000000E+00  0.0000000000E+00  0.0000000000E+00  0.6370147230E+00  0.6921511064E+01  0.5339647611E+00  0.0000000000E+00  0.0000000000E+00  0.0000000000E+00
53  0.3926542892E-06  0.9142437087E-06  0.3752042180E-05  0.2433662809E-05  0.1072798036E-05  0.5345872069E+00  0.6376559942E+00  0.2553541411E+02 -0.3186010205E+01  0.1110177335E+02  0.5894136979E+02  0.6376559942E+00  0.6926907815E+01  0.5345872069E+00  0.5345872069E+00  0.6376559942E+00  0.0000000000E+00  0.0000000000E+00  0.2553541411E+02 -0.3186010205E+01  0.1110177335E+02  0.0000000000E+00  0.0000000000E+00  0.0000000000E+00  0.6376559942E+00  0.6926907815E+01  0.5345872069E+00  0.0000000000E+00  0.0000000000E+00  0.0000000000E+00
54  0.3486266440E-06  0.8225729761E-06  0.3379257659E-05  0.2196281569E-05  0.9525952669E-06  0.5351610620E+00  0.6381649232E+00  0.2555206953E+02 -0.3188288812E+01  0.1110982604E+02  0.5986836979E+02  0.6381649232E+00  0.6931813947E+01  0.5351610620E+00  0.5351610620E+00  0.6381649232E+00  0.0000000000E+00  0.0000000000E+00  0.2555206953E+02 -0.3188288812E+01  0.1110982604E+02  0.0000000000E+00  0.0000000000E+00  0.0000000000E+00  0.6381649232E+00  0.6931813947E+01  0.5351610620E+00  0.0000000000E+00  0.0000000000E+00  0.0000000000E+00
55  0.3135789422E-06  0.7422805774E-06  0.3035801323E-05  0.1976032241E-05  0.8486065025E-06  0.5356757723E+00  0.6385419919E+00  0.2556711478E+02 -0.3190060900E+01  0.1111714939E+02  0.6078638802E+02  0.6385419919E+00  0.6936244846E+01  0.5356757723E+00  0.5356757723E+00  0.6385419919E+00  0.0000000000E+00  0.0000000000E+00  0.2556711478E+02 -0.3190060900E+01  0.1111714939E+02  0.0000000000E+00  0.0000000000E+00  0.0000000000E+00  0.6385419919E+00  0.6936244846E+01  0.5356757723E+00  0.0000000000E+00  0.0000000000E+00  0.0000000000E+00
56  0.2947911125E-06  0.6641483220E-06  0.2721420463E-05  0.1777295601E-05  0.8132646186E-06  0.5372075391E+00  0.6392245268E+00  0.2556432404E+02 -0.3194782910E+01  0.1112066541E+02  0.6178136979E+02  0.6392245268E+00  0.6935261138E+01  0.5372075391E+00  0.5372075391E+00  0.6392245268E+00  0.0000000000E+00  0.0000000000E+00  0.2556432404E+02 -0.3194782910E+01  0.1112066541E+02  0.0000000000E+00  0.0000000000E+00  0.0000000000E+00  0.6392245268E+00  0.6935261138E+01  0.5372075391E+00  0.0000000000E+00  0.0000000000E+00  0.0000000000E+00
57  0.2608674614E-06  0.6062566300E-06  0.2431053085E-05  0.1598995072E-05  0.6918461294E-06  0.5378883536E+00  0.6394609385E+00  0.2558742492E+02 -0.3196519024E+01  0.1113067452E+02  0.6274436979E+02  0.6394609385E+00  0.6941706620E+01  0.5378883536E+00  0.5378883536E+00  0.6394609385E+00  0.0000000000E+00  0.0000000000E+00  0.2558742492E+02 -0.3196519024E+01  0.1113067452E+02  0.0000000000E+00  0.0000000000E+00  0.0000000000E+00  0.6394609385E+00  0.6941706620E+01  0.5378883536E+00  0.0000000000E+00  0.0000000000E+00  0.0000000000E+00
58  0.2424251964E-06  0.5598387353E-06  0.2165383082E-05  0.1423851085E-05  0.6271521586E-06  0.5384415243E+00  0.6396367921E+00  0.2560596155E+02 -0.3197747197E+01  0.1113853109E+02  0.6370736979E+02  0.6396367921E+00  0.6946855560E+01  0.5384415243E+00  0.5384415243E+00  0.6396367921E+00  0.0000000000E+00  0.0000000000E+00  0.2560596155E+02 -0.3197747197E+01  0.1113853109E+02  0.0000000000E+00  0.0000000000E+00  0.0000000000E+00  0.6396367921E+00  0.6946855560E+01  0.5384415243E+00  0.0000000000E+00  0.0000000000E+00  0.0000000000E+00
59  0.2193561945E-06  0.5155840212E-06  0.1920543718E-05  0.1266808403E-05  0.5631291144E-06  0.5388155544E+00  0.6398555973E+00  0.2561713839E+02 -0.3198776626E+01  0.1114363647E+02  0.6469136979E+02  0.6398555973E+00  0.6950053653E+01  0.5388155544E+00  0.5388155544E+00  0.6398555973E+00  0.0000000000E+00  0.0000000000E+00  0.2561713839E+02 -0.3198776626E+01  0.1114363647E+02  0.0000000000E+00  0.0000000000E+00  0.0000000000E+00  0.6398555973E+00  0.6950053653E+01  0.5388155544E+00  0.0000000000E+00  0.0000000000E+00  0.0000000000E+00
60  0.1964330919E-06  0.4705481239E-06  0.1696449881E-05  0.1129232264E-05  0.4960926927E-06  0.5390815382E+00  0.6401190954E+00  0.2562458225E+02 -0.3199777505E+01  0.1114747577E+02  0.6566736979E+02  0.6401190954E+00  0.6952280960E+01  0.5390815382E+00  0.5390815382E+00  0.6401190954E+00  0.0000000000E+00  0.0000000000E+00  0.2562458225E+02 -0.3199777505E+01  0.1114747577E+02  0.0000000000E+00  0.0000000000E+00  0.0000000000E+00  0.6401190954E+00  0.6952280960E+01  0.5390815382E+00  0.0000000000E+00  0.0000000000E+00  0.0000000000E+00
61  0.1789352206E-06  0.4289296037E-06  0.1495875547E-05  0.1009324611E-05  0.4396877302E-06  0.5393196284E+00  0.6403860538E+00  0.2563073211E+02 -0.3200776506E+01  0.1115091939E+02  0.6660746458E+02  0.6403860538E+00  0.6954159690E+01  0.5393196284E+00  0.5393196284E+00  0.6403860538E+00  0.0000000000E+00  0.0000000000E+00  0.2563073211E+02 -0.3200776506E+01  0.1115091939E+02  0.0000000000E+00  0.0000000000E+00  0.0000000000E+00  0.6403860538E+00  0.6954159690E+01  0.5393196284E+00  0.0000000000E+00  0.0000000000E+00  0.0000000000E+00
62  0.1646036008E-06  0.3927726957E-06  0.1319247218E-05  0.9026919327E-06  0.3891699907E-06  0.5395448475E+00  0.6406340306E+00  0.2563669885E+02 -0.3201728449E+01  0.1115431846E+02  0.6754346979E+02  0.6406340306E+00  0.6955978901E+01  0.5395448475E+00  0.5395448475E+00  0.6406340306E+00  0.0000000000E+00  0.0000000000E+00  0.2563669885E+02 -0.3201728449E+01  0.1115431846E+02  0.0000000000E+00  0.0000000000E+00  0.0000000000E+00  0.6406340306E+00  0.6955978901E+01  0.5395448475E+00  0.0000000000E+00  0.0000000000E+00  0.0000000000E+00
63  0.1530075460E-06  0.3632830442E-06  0.1165349869E-05  0.8076721387E-06  0.3472563942E-06  0.5397534972E+00  0.6408500317E+00  0.2564249980E+02 -0.3202572727E+01  0.1115755822E+02  0.6850044479E+02  0.6408500317E+00  0.6957730332E+01  0.5397534972E+00  0.5397534972E+00  0.6408500317E+00  0.0000000000E+00  0.0000000000E+00  0.2564249980E+02 -0.3202572727E+01  0.1115755822E+02  0.0000000000E+00  0.0000000000E+00  0.0000000000E+00  0.6408500317E+00  0.6957730332E+01  0.5397534972E+00  0.0000000000E+00  0.0000000000E+00  0.0000000000E+00
64  0.1425928412E-06  0.3399991941E-06  0.1031283308E-05  0.7229724453E-06  0.3119189618E-06  0.5399295529E+00  0.6410392635E+00  0.2564800575E+02 -0.3203283761E+01  0.1116055190E+02  0.6946536979E+02  0.6410392635E+00  0.6959377718E+01  0.5399295529E+00  0.5399295529E+00  0.6410392635E+00  0.0000000000E+00  0.0000000000E+00  0.2564800575E+02 -0.3203283761E+01  0.1116055190E+02  0.0000000000E+00  0.0000000000E+00  0.0000000000E+00  0.6410392635E+00  0.6959377718E+01  0.5399295529E+00  0.0000000000E+00  0.0000000000E+00  0.0000000000E+00
65  0.1337766429E-06  0.3230325094E-06  0.9145574832E-06  0.6477291192E-06  0.2847797129E-06  0.5400874810E+00  0.6412008899E+00  0.2565271171E+02 -0.3203880579E+01  0.1116308328E+02  0.7040136979E+02  0.6412008899E+00  0.6960782419E+01  0.5400874810E+00  0.5400874810E+00  0.6412008899E+00  0.0000000000E+00  0.0000000000E+00  0.2565271171E+02 -0.3203880579E+01  0.1116308328E+02  0.0000000000E+00  0.0000000000E+00  0.0000000000E+00  0.6412008899E+00  0.6960782419E+01  0.5400874810E+00  0.0000000000E+00  0.0000000000E+00  0.0000000000E+00
66  0.1254039918E-06  0.3102571912E-06  0.8114727655E-06  0.5795368496E-06  0.2607713875E-06  0.5402227585E+00  0.6413443155E+00  0.2565669258E+02 -0.3204390708E+01  0.1116523566E+02  0.7132936979E+02  0.6413443155E+00  0.6961974493E+01  0.5402227585E+00  0.5402227585E+00  0.6413443155E+00  0.0000000000E+00  0.0000000000E+00  0.2565669258E+02 -0.3204390708E+01  0.1116523566E+02  0.0000000000E+00  0.0000000000E+00  0.0000000000E+00  0.6413443155E+00  0.6961974493E+01  0.5402227585E+00  0.0000000000E+00  0.0000000000E+00  0.0000000000E+00
67  0.1181034973E-06  0.3003665764E-06  0.7195254711E-06  0.5174171936E-06  0.2415183945E-06  0.5403361961E+00  0.6414734199E+00  0.2566010748E+02 -0.3204831794E+01  0.1116709841E+02  0.7226036979E+02  0.6414734199E+00  0.6962999875E+01  0.5403361961E+00  0.5403361961E+00  0.6414734199E+00  0.0000000000E+00  0.0000000000E+00  0.2566010748E+02 -0.3204831794E+01  0.1116709841E+02  0.0000000000E+00  0.0000000000E+00  0.0000000000E+00  0.6414734199E+00  0.6962999875E+01  0.5403361961E+00  0.0000000000E+00  0.0000000000E+00  0.0000000000E+00
68  0.1112148321E-06  0.2918740463E-06  0.6367488865E-06  0.4608911163E-06  0.2251205253E-06  0.5404306448E+00  0.6415882180E+00  0.2566309371E+02 -0.3205209178E+01  0.1116872967E+02  0.7320136979E+02  0.6415882180E+00  0.6963895915E+01  0.5404306448E+00  0.5404306448E+00  0.6415882180E+00  0.0000000000E+00  0.0000000000E+00  0.2566309371E+02 -0.3205209178E+01  0.1116872967E+02  0.0000000000E+00  0.0000000000E+00  0.0000000000E+00  0.6415882180E+00  0.6963895915E+01  0.5404306448E+00  0.0000000000E+00  0.0000000000E+00  0.0000000000E+00
69  0.1045714344E-06  0.2836645214E-06  0.5618520532E-06  0.4096476317E-06  0.2107842036E-06  0.5405084046E+00  0.6416878791E+00  0.2566573479E+02 -0.3205522404E+01  0.1117015857E+02  0.7412944479E+02  0.6416878791E+00  0.6964685273E+01  0.5405084046E+00  0.5405084046E+00  0.6416878791E+00  0.0000000000E+00  0.0000000000E+00  0.2566573479E+02 -0.3205522404E+01  0.1117015857E+02  0.0000000000E+00  0.0000000000E+00  0.0000000000E+00  0.6416878791E+00  0.6964685273E+01  0.5405084046E+00  0.0000000000E+00  0.0000000000E+00  0.0000000000E+00
70  0.9806886402E-07  0.2749900341E-06  0.4941045543E-06  0.3634490512E-06  0.1976801328E-06  0.5405710502E+00  0.6417725577E+00  0.2566807633E+02 -0.3205772614E+01  0.1117140166E+02  0.7505336979E+02  0.6417725577E+00  0.6965380948E+01  0.5405710502E+00  0.5405710502E+00  0.6417725577E+00  0.0000000000E+00  0.0000000000E+00  0.2566807633E+02 -0.3205772614E+01  0.1117140166E+02  0.0000000000E+00  0.0000000000E+00  0.0000000000E+00  0.6417725577E+00  0.6965380948E+01  0.5405710502E+00  0.0000000000E+00  0.0000000000E+00  0.0000000000E+00
71  0.9173212367E-07  0.2654644675E-06  0.4331349919E-06  0.3220849941E-06  0.1854694002E-06  0.5406201347E+00  0.6418436228E+00  0.2567015072E+02 -0.3205965437E+01  0.1117247519E+02  0.7596436979E+02  0.6418436228E+00  0.6965992783E+01  0.5406201347E+00  0.5406201347E+00  0.6418436228E+00  0.0000000000E+00  0.0000000000E+00  0.2567015072E+02 -0.3205965437E+01  0.1117247519E+02  0.0000000000E+00  0.0000000000E+00  0.0000000000E+00  0.6418436228E+00  0.6965992783E+01  0.5406201347E+00  0.0000000000E+00  0.0000000000E+00  0.0000000000E+00
72  0.8557083276E-07  0.2549470454E-06  0.3787235119E-06  0.2853161486E-06  0.1739100023E-06  0.5406428846E+00  0.6419051238E+00  0.2567210570E+02 -0.3206091965E+01  0.1117343831E+02  0.7690836979E+02  0.6419051238E+00  0.6966558939E+01  0.5406428846E+00  0.5406428846E+00  0.6419051238E+00  0.0000000000E+00  0.0000000000E+00  0.2567210570E+02 -0.3206091965E+01  0.1117343831E+02  0.0000000000E+00  0.0000000000E+00  0.0000000000E+00  0.6419051238E+00  0.6966558939E+01  0.5406428846E+00  0.0000000000E+00  0.0000000000E+00  0.0000000000E+00
73  0.8004738629E-07  0.2445139035E-06  0.3310705881E-06  0.2532668150E-06  0.1646713515E-06  0.5406685872E+00  0.6419555955E+00  0.2567380974E+02 -0.3206191934E+01  0.1117425300E+02  0.7781936979E+02  0.6419555955E+00  0.6967049121E+01  0.5406685872E+00  0.5406685872E+00  0.6419555955E+00  0.0000000000E+00  0.0000000000E+00  0.2567380974E+02 -0.3206191934E+01  0.1117425300E+02  0.0000000000E+00  0.0000000000E+00  0.0000000000E+00  0.6419555955E+00  0.6967049121E+01  0.5406685872E+00  0.0000000000E+00  0.0000000000E+00  0.0000000000E+00
74  0.7425791226E-07  0.2327800231E-06  0.2893368087E-06  0.2250344725E-06  0.1535029731E-06  0.5406892324E+00  0.6419973260E+00  0.2567533198E+02 -0.3206263148E+01  0.1117495480E+02  0.7873341979E+02  0.6419973260E+00  0.6967483636E+01  0.5406892324E+00  0.5406892324E+00  0.6419973260E+00  0.0000000000E+00  0.0000000000E+00  0.2567533198E+02 -0.3206263148E+01  0.1117495480E+02  0.0000000000E+00  0.0000000000E+00  0.0000000000E+00  0.6419973260E+00  0.6967483636E+01  0.5406892324E+00  0.0000000000E+00  0.0000000000E+00  0.0000000000E+00
75  0.6893409088E-07  0.2201792775E-06  0.2532012435E-06  0.2002239419E-06  0.1431734345E-06  0.5407022871E+00  0.6420312214E+00  0.2567670889E+02 -0.3206305284E+01  0.1117555844E+02  0.7963536979E+02  0.6420312214E+00  0.6967871149E+01  0.5407022871E+00  0.5407022871E+00  0.6420312214E+00  0.0000000000E+00  0.0000000000E+00  0.2567670889E+02 -0.3206305284E+01  0.1117555844E+02  0.0000000000E+00  0.0000000000E+00  0.0000000000E+00  0.6420312214E+00  0.6967871149E+01  0.5407022871E+00  0.0000000000E+00  0.0000000000E+00  0.0000000000E+00
76  0.6379794256E-07  0.2069320130E-06  0.2221574855E-06  0.1784724441E-06  0.1330921383E-06  0.5407084510E+00  0.6420581262E+00  0.2567796113E+02 -0.3206321456E+01  0.1117607584E+02  0.8053946979E+02  0.6420581262E+00  0.6968217432E+01  0.5407084510E+00  0.5407084510E+00  0.6420581262E+00  0.0000000000E+00  0.0000000000E+00  0.2567796113E+02 -0.3206321456E+01  0.1117607584E+02  0.0000000000E+00  0.0000000000E+00  0.0000000000E+00  0.6420581262E+00  0.6968217432E+01  0.5407084510E+00  0.0000000000E+00  0.0000000000E+00  0.0000000000E+00
77  0.5883614746E-07  0.1932230089E-06  0.1956278008E-06  0.1593867141E-06  0.1233126685E-06  0.5407091518E+00  0.6420790981E+00  0.2567910456E+02 -0.3206316391E+01  0.1117651996E+02  0.8143239479E+02  0.6420790981E+00  0.6968528081E+01  0.5407091518E+00  0.5407091518E+00  0.6420790981E+00  0.0000000000E+00  0.0000000000E+00  0.2567910456E+02 -0.3206316391E+01  0.1117651996E+02  0.0000000000E+00  0.0000000000E+00  0.0000000000E+00  0.6420790981E+00  0.6968528081E+01  0.5407091518E+00  0.0000000000E+00  0.0000000000E+00  0.0000000000E+00
78  0.5401771929E-07  0.1792029395E-06  0.1730193761E-06  0.1426120764E-06  0.1136909770E-06  0.5407000615E+00  0.6420949179E+00  0.2568019299E+02 -0.3206286417E+01  0.1117690756E+02  0.8241736979E+02  0.6420949179E+00  0.6968816212E+01  0.5407000615E+00  0.5407000615E+00  0.6420949179E+00  0.0000000000E+00  0.0000000000E+00  0.2568019299E+02 -0.3206286417E+01  0.1117690756E+02  0.0000000000E+00  0.0000000000E+00  0.0000000000E+00  0.6420949179E+00  0.6968816212E+01  0.5407000615E+00  0.0000000000E+00  0.0000000000E+00  0.0000000000E+00
79  0.4954001285E-07  0.1654358158E-06  0.1540180840E-06  0.1280204448E-06  0.1049883995E-06  0.5406923930E+00  0.6421069893E+00  0.2568118643E+02 -0.3206249640E+01  0.1117724417E+02  0.8331136979E+02  0.6421069893E+00  0.6969076013E+01  0.5406923930E+00  0.5406923930E+00  0.6421069893E+00  0.0000000000E+00  0.0000000000E+00  0.2568118643E+02 -0.3206249640E+01  0.1117724417E+02  0.0000000000E+00  0.0000000000E+00  0.0000000000E+00  0.6421069893E+00  0.6969076013E+01  0.5406923930E+00  0.0000000000E+00  0.0000000000E+00  0.0000000000E+00
80  0.4510617489E-07  0.1515861830E-06  0.1378392623E-06  0.1152038531E-06  0.9571331931E-07  0.5406835612E+00  0.6421163476E+00  0.2568210556E+02 -0.3206206970E+01  0.1117754083E+02  0.8424976979E+02  0.6421163476E+00  0.6969313507E+01  0.5406835612E+00  0.5406835612E+00  0.6421163476E+00  0.0000000000E+00  0.0000000000E+00  0.2568210556E+02 -0.3206206970E+01  0.1117754083E+02  0.0000000000E+00  0.0000000000E+00  0.0000000000E+00  0.6421163476E+00  0.6969313507E+01  0.5406835612E+00  0.0000000000E+00  0.0000000000E+00  0.0000000000E+00
81  0.4099644875E-07  0.1379632273E-06  0.1240964404E-06  0.1039815402E-06  0.8700755690E-07  0.5406730240E+00  0.6421234977E+00  0.2568296105E+02 -0.3206159666E+01  0.1117780293E+02  0.8512876979E+02  0.6421234977E+00  0.6969531390E+01  0.5406730240E+00  0.5406730240E+00  0.6421234977E+00  0.0000000000E+00  0.0000000000E+00  0.2568296105E+02 -0.3206159666E+01  0.1117780293E+02  0.0000000000E+00  0.0000000000E+00  0.0000000000E+00  0.6421234977E+00  0.6969531390E+01  0.5406730240E+00  0.0000000000E+00  0.0000000000E+00  0.0000000000E+00
82  0.3712936807E-07  0.1247693285E-06  0.1124090876E-06  0.9421388583E-07  0.7873332139E-07  0.5406612078E+00  0.6421288773E+00  0.2568375874E+02 -0.3206109534E+01  0.1117803558E+02  0.8603141302E+02  0.6421288773E+00  0.6969731701E+01  0.5406612078E+00  0.5406612078E+00  0.6421288773E+00  0.0000000000E+00  0.0000000000E+00  0.2568375874E+02 -0.3206109534E+01  0.1117803558E+02  0.0000000000E+00  0.0000000000E+00  0.0000000000E+00  0.6421288773E+00  0.6969731701E+01  0.5406612078E+00  0.0000000000E+00  0.0000000000E+00  0.0000000000E+00
83  0.4704369020E-07  0.1134096597E-06  0.1024904260E-06  0.8578036870E-07  0.1125013930E-06  0.5405678757E+00  0.6420264614E+00  0.2567910851E+02 -0.3205567653E+01  0.1117723317E+02  0.8700336979E+02  0.6420264614E+00  0.6968633449E+01  0.5405678757E+00  0.5405678757E+00  0.6420264614E+00  0.0000000000E+00  0.0000000000E+00  0.2567910851E+02 -0.3205567653E+01  0.1117723317E+02  0.0000000000E+00  0.0000000000E+00  0.0000000000E+00  0.6420264614E+00  0.6968633449E+01  0.5405678757E+00  0.0000000000E+00  0.0000000000E+00  0.0000000000E+00
84  0.3239938145E-07  0.1018664907E-06  0.9480408611E-07  0.7736537253E-07  0.7160423302E-07  0.5406107368E+00  0.6421212207E+00  0.2568279946E+02 -0.3205989704E+01  0.1117856731E+02  0.8799536979E+02  0.6421212207E+00  0.6969507207E+01  0.5406107368E+00  0.5406107368E+00  0.6421212207E+00  0.0000000000E+00  0.0000000000E+00  0.2568279946E+02 -0.3205989704E+01  0.1117856731E+02  0.0000000000E+00  0.0000000000E+00  0.0000000000E+00  0.6421212207E+00  0.6969507207E+01  0.5406107368E+00  0.0000000000E+00  0.0000000000E+00  0.0000000000E+00
85  0.4126555997E-07  0.9113984171E-07  0.8240435522E-07  0.6929133042E-07  0.1000911192E-06  0.5407373394E+00  0.6422432647E+00  0.2568792652E+02 -0.3206596226E+01  0.1117970144E+02  0.8896336979E+02  0.6422432647E+00  0.6970690588E+01  0.5407373394E+00  0.5407373394E+00  0.6422432647E+00  0.0000000000E+00  0.0000000000E+00  0.2568792652E+02 -0.3206596226E+01  0.1117970144E+02  0.0000000000E+00  0.0000000000E+00  0.0000000000E+00  0.6422432647E+00  0.6970690588E+01  0.5407373394E+00  0.0000000000E+00  0.0000000000E+00  0.0000000000E+00
86  0.2793098680E-07  0.8065580232E-07  0.7594908992E-07  0.6466010901E-07  0.6358269469E-07  0.5407176510E+00  0.6421750159E+00  0.2568742806E+02 -0.3206243208E+01  0.1117919366E+02  0.8992536979E+02  0.6421750159E+00  0.6970577470E+01  0.5407176510E+00  0.5407176510E+00  0.6421750159E+00  0.0000000000E+00  0.0000000000E+00  0.2568742806E+02 -0.3206243208E+01  0.1117919366E+02  0.0000000000E+00  0.0000000000E+00  0.0000000000E+00  0.6421750159E+00  0.6970577470E+01  0.5407176510E+00  0.0000000000E+00  0.0000000000E+00  0.0000000000E+00
87  0.2247957552E-07  0.7087936140E-07  0.6886157550E-07  0.6084950075E-07  0.4903935529E-07  0.5406928013E+00  0.6421374027E+00  0.2568713405E+02 -0.3206019048E+01  0.1117896355E+02  0.9088236979E+02  0.6421374027E+00  0.6970502525E+01  0.5406928013E+00  0.5406928013E+00  0.6421374027E+00  0.0000000000E+00  0.0000000000E+00  0.2568713405E+02 -0.3206019048E+01  0.1117896355E+02  0.0000000000E+00  0.0000000000E+00  0.0000000000E+00  0.6421374027E+00  0.6970502525E+01  0.5406928013E+00  0.0000000000E+00  0.0000000000E+00  0.0000000000E+00
88  0.2013528026E-07  0.6193341288E-07  0.6513996913E-07  0.5751900992E-07  0.4404916468E-07  0.5406758558E+00  0.6421357680E+00  0.2568735763E+02 -0.3205959987E+01  0.1117906510E+02  0.9183936979E+02  0.6421357680E+00  0.6970556058E+01  0.5406758558E+00  0.5406758558E+00  0.6421357680E+00  0.0000000000E+00  0.0000000000E+00  0.2568735763E+02 -0.3205959987E+01  0.1117906510E+02  0.0000000000E+00  0.0000000000E+00  0.0000000000E+00  0.6421357680E+00  0.6970556058E+01  0.5406758558E+00  0.0000000000E+00  0.0000000000E+00  0.0000000000E+00
89  0.1752534574E-07  0.5456845474E-07  0.6388210622E-07  0.5483311194E-07  0.3775922810E-07  0.5406676973E+00  0.6421500370E+00  0.2568802907E+02 -0.3205979786E+01  0.1117931547E+02  0.9279436979E+02  0.6421500370E+00  0.6970721973E+01  0.5406676973E+00  0.5406676973E+00  0.6421500370E+00  0.0000000000E+00  0.0000000000E+00  0.2568802907E+02 -0.3205979786E+01  0.1117931547E+02  0.0000000000E+00  0.0000000000E+00  0.0000000000E+00  0.6421500370E+00  0.6970721973E+01  0.5406676973E+00  0.0000000000E+00  0.0000000000E+00  0.0000000000E+00
90  0.1569005563E-07  0.4788940022E-07  0.6270392231E-07  0.5236201076E-07  0.3358137675E-07  0.5406600275E+00  0.6421589878E+00  0.2568865949E+02 -0.3205980634E+01  0.1117950505E+02  0.9375041979E+02  0.6421589878E+00  0.6970876119E+01  0.5406600275E+00  0.5406600275E+00  0.6421589878E+00  0.0000000000E+00  0.0000000000E+00  0.2568865949E+02 -0.3205980634E+01  0.1117950505E+02  0.0000000000E+00  0.0000000000E+00  0.0000000000E+00  0.6421589878E+00  0.6970876119E+01  0.5406600275E+00  0.0000000000E+00  0.0000000000E+00  0.0000000000E+00
91  0.1418652417E-07  0.4202542095E-07  0.6119551828E-07  0.4991586782E-07  0.3064888776E-07  0.5406519533E+00  0.6421615389E+00  0.2568913534E+02 -0.3205956171E+01  0.1117961884E+02  0.9467336979E+02  0.6421615389E+00  0.6970990524E+01  0.5406519533E+00  0.5406519533E+00  0.6421615389E+00  0.0000000000E+00  0.0000000000E+00  0.2568913534E+02 -0.3205956171E+01  0.1117961884E+02  0.0000000000E+00  0.0000000000E+00  0.0000000000E+00  0.6421615389E+00  0.6970990524E+01  0.5406519533E+00  0.0000000000E+00  0.0000000000E+00  0.0000000000E+00
92  0.1264646247E-07  0.3685006983E-07  0.5876742223E-07  0.4726238041E-07  0.2753544255E-07  0.5406439890E+00  0.6421619800E+00  0.2568951964E+02 -0.3205925233E+01  0.1117970618E+02  0.9556576979E+02  0.6421619800E+00  0.6971082624E+01  0.5406439890E+00  0.5406439890E+00  0.6421619800E+00  0.0000000000E+00  0.0000000000E+00  0.2568951964E+02 -0.3205925233E+01  0.1117970618E+02  0.0000000000E+00  0.0000000000E+00  0.0000000000E+00  0.6421619800E+00  0.6971082624E+01  0.5406439890E+00  0.0000000000E+00  0.0000000000E+00  0.0000000000E+00
93  0.1122089816E-07  0.3222101835E-07  0.5538470364E-07  0.4441871408E-07  0.2459153919E-07  0.5406368238E+00  0.6421628338E+00  0.2568986482E+02 -0.3205899299E+01  0.1117979344E+02  0.9645936979E+02  0.6421628338E+00  0.6971166377E+01  0.5406368238E+00  0.5406368238E+00  0.6421628338E+00  0.0000000000E+00  0.0000000000E+00  0.2568986482E+02 -0.3205899299E+01  0.1117979344E+02  0.0000000000E+00  0.0000000000E+00  0.0000000000E+00  0.6421628338E+00  0.6971166377E+01  0.5406368238E+00  0.0000000000E+00  0.0000000000E+00  0.0000000000E+00
94  0.9954875276E-08  0.2813451587E-07  0.5140864661E-07  0.4147334719E-07  0.2197481209E-07  0.5406307022E+00  0.6421645375E+00  0.2569018720E+02 -0.3205880560E+01  0.1117988212E+02  0.9735836979E+02  0.6421645375E+00  0.6971245502E+01  0.5406307022E+00  0.5406307022E+00  0.6421645375E+00  0.0000000000E+00  0.0000000000E+00  0.2569018720E+02 -0.3205880560E+01  0.1117988212E+02  0.0000000000E+00  0.0000000000E+00  0.0000000000E+00  0.6421645375E+00  0.6971245502E+01  0.5406307022E+00  0.0000000000E+00  0.0000000000E+00  0.0000000000E+00
95  0.8841478533E-08  0.2463730226E-07  0.4723576787E-07  0.3850511735E-07  0.1970790747E-07  0.5406255497E+00  0.6421666743E+00  0.2569048412E+02 -0.3205867136E+01  0.1117996603E+02  0.9825136979E+02  0.6421666743E+00  0.6971318723E+01  0.5406255497E+00  0.5406255497E+00  0.6421666743E+00  0.0000000000E+00  0.0000000000E+00  0.2569048412E+02 -0.3205867136E+01  0.1117996603E+02  0.0000000000E+00  0.0000000000E+00  0.0000000000E+00  0.6421666743E+00  0.6971318723E+01  0.5406255497E+00  0.0000000000E+00  0.0000000000E+00  0.0000000000E+00
96  0.7855801146E-08  0.2171246176E-07  0.4314110562E-07  0.3557611346E-07  0.1771325044E-07  0.5406212113E+00  0.6421688178E+00  0.2569075101E+02 -0.3205856902E+01  0.1118004152E+02  0.9914536979E+02  0.6421688178E+00  0.6971384613E+01  0.5406212113E+00  0.5406212113E+00  0.6421688178E+00  0.0000000000E+00  0.0000000000E+00  0.2569075101E+02 -0.3205856902E+01  0.1118004152E+02  0.0000000000E+00  0.0000000000E+00  0.0000000000E+00  0.6421688178E+00  0.6971384613E+01  0.5406212113E+00  0.0000000000E+00  0.0000000000E+00  0.0000000000E+00
97  0.6994511758E-08  0.1930197902E-07  0.3928233217E-07  0.3273038954E-07  0.1598489476E-07  0.5406175805E+00  0.6421707869E+00  0.2569098769E+02 -0.3205848772E+01  0.1118010855E+02  0.1000303698E+03  0.6421707869E+00  0.6971443101E+01  0.5406175805E+00  0.5406175805E+00  0.6421707869E+00  0.0000000000E+00  0.0000000000E+00  0.2569098769E+02 -0.3205848772E+01  0.1118010855E+02  0.0000000000E+00  0.0000000000E+00  0.0000000000E+00  0.6421707869E+00  0.6971443101E+01  0.5406175805E+00  0.0000000000E+00  0.0000000000E+00  0.0000000000E+00
98  0.6249670202E-08  0.1733584876E-07  0.3572190338E-07  0.2999455523E-07  0.1450985243E-07  0.5406145977E+00  0.6421725781E+00  0.2569119695E+02 -0.3205842481E+01  0.1118016844E+02  0.1009193698E+03  0.6421725781E+00  0.6971494903E+01  0.5406145977E+00  0.5406145977E+00  0.6421725781E+00  0.0000000000E+00  0.0000000000E+00  0.2569119695E+02 -0.3205842481E+01  0.1118016844E+02  0.0000000000E+00  0.0000000000E+00  0.0000000000E+00  0.6421725781E+00  0.6971494903E+01  0.5406145977E+00  0.0000000000E+00  0.0000000000E+00  0.0000000000E+00
99  0.5606240625E-08  0.1573823510E-07  0.3245568617E-07  0.2738162475E-07  0.1325277299E-07  0.5406122143E+00  0.6421742444E+00  0.2569138200E+02 -0.3205838030E+01  0.1118022221E+02  0.1018037948E+03  0.6421742444E+00  0.6971540778E+01  0.5406122143E+00  0.5406122143E+00  0.6421742444E+00  0.0000000000E+00  0.0000000000E+00  0.2569138200E+02 -0.3205838030E+01  0.1118022221E+02  0.0000000000E+00  0.0000000000E+00  0.0000000000E+00  0.6421742444E+00  0.6971540778E+01  0.5406122143E+00  0.0000000000E+00  0.0000000000E+00  0.0000000000E+00
100  0.5046725295E-08  0.1443166191E-07  0.2944900267E-07  0.2489650361E-07  0.1217062413E-07  0.5406102148E+00  0.6421758223E+00  0.2569155296E+02 -0.3205835277E+01  0.1118027186E+02  0.1027324698E+03  0.6421758223E+00  0.6971583041E+01  0.5406102148E+00  0.5406102148E+00  0.6421758223E+00  0.0000000000E+00  0.0000000000E+00  0.2569155296E+02 -0.3205835277E+01  0.1118027186E+02  0.0000000000E+00  0.0000000000E+00  0.0000000000E+00  0.6421758223E+00  0.6971583041E+01  0.5406102148E+00  0.0000000000E+00  0.0000000000E+00  0.0000000000E+00
