TITLE="fun3d_case_title"
VARIABLES="Iteration" "R_1" "R_2" "R_3" "R_4" "R_5" "C_L" "C_D" "C_M_x" "C_M_y" "C_M_z" "Wall Time" "C_x" "C_y" "C_z" "C_Lp" "C_Dp" "C_Lv" "C_Dv" "C_M_xp" "C_M_yp" "C_M_zp" "C_M_xv" "C_M_yv" "C_M_zv" "C_xp" "C_yp" "C_zp" "C_xv" "C_yv" "C_zv"
ZONE  I=100 F=POINT
1  0.7060939563E-04  0.3530469781E-04  0.5746361891E-15  0.5592647194E-15  0.1853496635E-03 -0.1724348486E+00  0.3199601927E+01  0.1431804959E+01 -0.1124619423E+02  0.7584483075E+01  0.8824696875E+01  0.3199601927E+01  0.4420287300E+00 -0.1724348486E+00 -0.1724348486E+00  0.3199601927E+01  0.0000000000E+00  0.0000000000E+00  0.1431804959E+01 -0.1124619423E+02  0.7584483075E+01  0.0000000000E+00  0.0000000000E+00  0.0000000000E+00  0.3199601927E+01  0.4420287300E+00 -0.1724348486E+00  0.0000000000E+00  0.0000000000E+00  0.0000000000E+00
2  0.5345867939E-04  0.2410053666E-04  0.3338445568E-04  0.3512126841E-05  0.1413510280E-03 -0.2904757424E+00  0.5365034468E+01  0.1088600885E+01 -0.1873146181E+02  0.1134793869E+02  0.9883934375E+01  0.5365034468E+01  0.3455676759E+00 -0.2904757424E+00 -0.2904757424E+00  0.5365034468E+01  0.0000000000E+00  0.0000000000E+00  0.1088600885E+01 -0.1873146181E+02  0.1134793869E+02  0.0000000000E+00  0.0000000000E+00  0.0000000000E+00  0.5365034468E+01  0.3455676759E+00 -0.2904757424E+00  0.0000000000E+00  0.0000000000E+00  0.0000000000E+00
3  0.4778141338E-04  0.2640614479E-04  0.5280795739E-04  0.5288477898E-05  0.1255893537E-03 -0.3201439511E+00  0.6097418153E+01  0.1264780791E+01 -0.2115971802E+02  0.1241411327E+02  0.1093025938E+02  0.6097418153E+01  0.3755012709E+00 -0.3201439511E+00 -0.3201439511E+00  0.6097418153E+01  0.0000000000E+00  0.0000000000E+00  0.1264780791E+01 -0.2115971802E+02  0.1241411327E+02  0.0000000000E+00  0.0000000000E+00  0.0000000000E+00  0.6097418153E+01  0.3755012709E+00 -0.3201439511E+00  0.0000000000E+00  0.0000000000E+00  0.0000000000E+00
4  0.5288177662E-04  0.3502418267E-04  0.6217532421E-04  0.6794931042E-05  0.1367976233E-03 -0.2726793365E+00  0.5519572588E+01  0.2517192958E+01 -0.1906969760E+02  0.1178530728E+02  0.1198555938E+02  0.5519572588E+01  0.6921304301E+00 -0.2726793365E+00 -0.2726793365E+00  0.5519572588E+01  0.0000000000E+00  0.0000000000E+00  0.2517192958E+01 -0.1906969760E+02  0.1178530728E+02  0.0000000000E+00  0.0000000000E+00  0.0000000000E+00  0.5519572588E+01  0.6921304301E+00 -0.2726793365E+00  0.0000000000E+00  0.0000000000E+00  0.0000000000E+00
5  0.6049690136E-04  0.4649089923E-04  0.7213217059E-04  0.9819786206E-05  0.1546510320E-03 -0.2000480940E+00  0.4474711168E+01  0.4246361888E+01 -0.1537409028E+02  0.1077095053E+02  0.1303885938E+02  0.4474711168E+01  0.1132209540E+01 -0.2000480940E+00 -0.2000480940E+00  0.4474711168E+01  0.0000000000E+00  0.0000000000E+00  0.4246361888E+01 -0.1537409028E+02  0.1077095053E+02  0.0000000000E+00  0.0000000000E+00  0.0000000000E+00  0.4474711168E+01  0.1132209540E+01 -0.2000480940E+00  0.0000000000E+00  0.0000000000E+00  0.0000000000E+00
6  0.6486793052E-04  0.6173095694E-04  0.8522571555E-04  0.1464954756E-04  0.1622958502E-03 -0.1278349742E+00  0.3527743762E+01  0.6273462643E+01 -0.1205565561E+02  0.1017243084E+02  0.1409095938E+02  0.3527743762E+01  0.1654803426E+01 -0.1278349742E+00 -0.1278349742E+00  0.3527743762E+01  0.0000000000E+00  0.0000000000E+00  0.6273462643E+01 -0.1205565561E+02  0.1017243084E+02  0.0000000000E+00  0.0000000000E+00  0.0000000000E+00  0.3527743762E+01  0.1654803426E+01 -0.1278349742E+00  0.0000000000E+00  0.0000000000E+00  0.0000000000E+00
7  0.6860562830E-04  0.7960151409E-04  0.9788335084E-04  0.2237353960E-04  0.1665694693E-03 -0.5606472578E-01  0.2849043641E+01  0.9205428124E+01 -0.9686577772E+01  0.1026659278E+02  0.1514488438E+02  0.2849043641E+01  0.2397841656E+01 -0.5606472578E-01 -0.5606472578E-01  0.2849043641E+01  0.0000000000E+00  0.0000000000E+00  0.9205428124E+01 -0.9686577772E+01  0.1026659278E+02  0.0000000000E+00  0.0000000000E+00  0.0000000000E+00  0.2849043641E+01  0.2397841656E+01 -0.5606472578E-01  0.0000000000E+00  0.0000000000E+00  0.0000000000E+00
8  0.7240002495E-04  0.9537120892E-04  0.1063841406E-03  0.3296604702E-04  0.1692167995E-03  0.2027953281E-01  0.2360862863E+01  0.1263430365E+02 -0.8006601947E+01  0.1077038642E+02  0.1619798438E+02  0.2360862863E+01  0.3308260344E+01  0.2027953281E-01  0.2027953281E-01  0.2360862863E+01  0.0000000000E+00  0.0000000000E+00  0.1263430365E+02 -0.8006601947E+01  0.1077038642E+02  0.0000000000E+00  0.0000000000E+00  0.0000000000E+00  0.2360862863E+01  0.3308260344E+01  0.2027953281E-01  0.0000000000E+00  0.0000000000E+00  0.0000000000E+00
9  0.7649203738E-04  0.1036483473E-03  0.1074389368E-03  0.4425339450E-04  0.1715177440E-03  0.1049562988E+00  0.1952871897E+01  0.1653491762E+02 -0.6655982775E+01  0.1151426932E+02  0.1725468438E+02  0.1952871897E+01  0.4392334219E+01  0.1049562988E+00  0.1049562988E+00  0.1952871897E+01  0.0000000000E+00  0.0000000000E+00  0.1653491762E+02 -0.6655982775E+01  0.1151426932E+02  0.0000000000E+00  0.0000000000E+00  0.0000000000E+00  0.1952871897E+01  0.4392334219E+01  0.1049562988E+00  0.0000000000E+00  0.0000000000E+00  0.0000000000E+00
10  0.8213145944E-04  0.1022935250E-03  0.1010408960E-03  0.5301074738E-04  0.1799751164E-03  0.1916536581E+00  0.1575092971E+01  0.2053431879E+02 -0.5452900148E+01  0.1239443990E+02  0.1831015938E+02  0.1575092971E+01  0.5567973432E+01  0.1916536581E+00  0.1916536581E+00  0.1575092971E+01  0.0000000000E+00  0.0000000000E+00  0.2053431879E+02 -0.5452900148E+01  0.1239443990E+02  0.0000000000E+00  0.0000000000E+00  0.0000000000E+00  0.1575092971E+01  0.5567973432E+01  0.1916536581E+00  0.0000000000E+00  0.0000000000E+00  0.0000000000E+00
11  0.8934509957E-04  0.9589213941E-04  0.9443441535E-04  0.5864622493E-04  0.1980239038E-03  0.2680303625E+00  0.1229213732E+01  0.2401765573E+02 -0.4381138829E+01  0.1328014852E+02  0.1936395938E+02  0.1229213732E+01  0.6682729554E+01  0.2680303625E+00  0.2680303625E+00  0.1229213732E+01  0.0000000000E+00  0.0000000000E+00  0.2401765573E+02 -0.4381138829E+01  0.1328014852E+02  0.0000000000E+00  0.0000000000E+00  0.0000000000E+00  0.1229213732E+01  0.6682729554E+01  0.2680303625E+00  0.0000000000E+00  0.0000000000E+00  0.0000000000E+00
12  0.9561904856E-04  0.9480083736E-04  0.9860556163E-04  0.6686805547E-04  0.2182281426E-03  0.3236452335E+00  0.9254187090E+00  0.2640185037E+02 -0.3456948790E+01  0.1397930684E+02  0.2042103438E+02  0.9254187090E+00  0.7574306929E+01  0.3236452335E+00  0.3236452335E+00  0.9254187090E+00  0.0000000000E+00  0.0000000000E+00  0.2640185037E+02 -0.3456948790E+01  0.1397930684E+02  0.0000000000E+00  0.0000000000E+00  0.0000000000E+00  0.9254187090E+00  0.7574306929E+01  0.3236452335E+00  0.0000000000E+00  0.0000000000E+00  0.0000000000E+00
13  0.9782872152E-04  0.1038199411E-03  0.1132513527E-03  0.8299116144E-04  0.2281267381E-03  0.3545713256E+00  0.6627407419E+00  0.2737862407E+02 -0.2671188566E+01  0.1430190922E+02  0.2147385938E+02  0.6627407419E+00  0.8128312967E+01  0.3545713256E+00  0.3545713256E+00  0.6627407419E+00  0.0000000000E+00  0.0000000000E+00  0.2737862407E+02 -0.2671188566E+01  0.1430190922E+02  0.0000000000E+00  0.0000000000E+00  0.0000000000E+00  0.6627407419E+00  0.8128312967E+01  0.3545713256E+00  0.0000000000E+00  0.0000000000E+00  0.0000000000E+00
14  0.9573394925E-04  0.1156879651E-03  0.1266703775E-03  0.1011751371E-03  0.2235839166E-03  0.3635783845E+00  0.4361228740E+00  0.2701070201E+02 -0.2013166999E+01  0.1414958124E+02  0.2253280938E+02  0.4361228740E+00  0.8307711265E+01  0.3635783845E+00  0.3635783845E+00  0.4361228740E+00  0.0000000000E+00  0.0000000000E+00  0.2701070201E+02 -0.2013166999E+01  0.1414958124E+02  0.0000000000E+00  0.0000000000E+00  0.0000000000E+00  0.4361228740E+00  0.8307711265E+01  0.3635783845E+00  0.0000000000E+00  0.0000000000E+00  0.0000000000E+00
15  0.9340284781E-04  0.1232080938E-03  0.1315517974E-03  0.1124500316E-03  0.2167695583E-03  0.3424134012E+00  0.2222604388E+00  0.2403009314E+02 -0.1293182610E+01  0.1323305435E+02  0.2356525938E+02  0.2222604388E+00  0.7911616754E+01  0.3424134012E+00  0.3424134012E+00  0.2222604388E+00  0.0000000000E+00  0.0000000000E+00  0.2403009314E+02 -0.1293182610E+01  0.1323305435E+02  0.0000000000E+00  0.0000000000E+00  0.0000000000E+00  0.2222604388E+00  0.7911616754E+01  0.3424134012E+00  0.0000000000E+00  0.0000000000E+00  0.0000000000E+00
16  0.9450159280E-04  0.1268073094E-03  0.1324375204E-03  0.1168216261E-03  0.2225577999E-03  0.3563947390E+00  0.1061232529E+00  0.2378701582E+02 -0.1160633306E+01  0.1265406591E+02  0.2462128438E+02  0.1061232529E+00  0.7778649173E+01  0.3563947390E+00  0.3563947390E+00  0.1061232529E+00  0.0000000000E+00  0.0000000000E+00  0.2378701582E+02 -0.1160633306E+01  0.1265406591E+02  0.0000000000E+00  0.0000000000E+00  0.0000000000E+00  0.1061232529E+00  0.7778649173E+01  0.3563947390E+00  0.0000000000E+00  0.0000000000E+00  0.0000000000E+00
17  0.9783567903E-04  0.1304995009E-03  0.1407737164E-03  0.1239837677E-03  0.2364861555E-03  0.3506290628E+00  0.3182361574E-01  0.2245362337E+02 -0.1096295746E+01  0.1172290470E+02  0.2564665938E+02  0.3182361574E-01  0.7314088984E+01  0.3506290628E+00  0.3506290628E+00  0.3182361574E-01  0.0000000000E+00  0.0000000000E+00  0.2245362337E+02 -0.1096295746E+01  0.1172290470E+02  0.0000000000E+00  0.0000000000E+00  0.0000000000E+00  0.3182361574E-01  0.7314088984E+01  0.3506290628E+00  0.0000000000E+00  0.0000000000E+00  0.0000000000E+00
18  0.9972406230E-04  0.1345028042E-03  0.1590296850E-03  0.1390544334E-03  0.2415354936E-03  0.3449953068E+00  0.1910935200E-01  0.2116133356E+02 -0.1205395629E+01  0.1077741855E+02  0.2671095938E+02  0.1910935200E-01  0.6778938890E+01  0.3449953068E+00  0.3449953068E+00  0.1910935200E-01  0.0000000000E+00  0.0000000000E+00  0.2116133356E+02 -0.1205395629E+01  0.1077741855E+02  0.0000000000E+00  0.0000000000E+00  0.0000000000E+00  0.1910935200E-01  0.6778938890E+01  0.3449953068E+00  0.0000000000E+00  0.0000000000E+00  0.0000000000E+00
19  0.9925356553E-04  0.1355084200E-03  0.1771797439E-03  0.1544828146E-03  0.2335261994E-03  0.3470078516E+00  0.6609163447E-01  0.2050462769E+02 -0.1472106614E+01  0.1006174097E+02  0.2776515938E+02  0.6609163447E-01  0.6347932312E+01  0.3470078516E+00  0.3470078516E+00  0.6609163447E-01  0.0000000000E+00  0.0000000000E+00  0.2050462769E+02 -0.1472106614E+01  0.1006174097E+02  0.0000000000E+00  0.0000000000E+00  0.0000000000E+00  0.6609163447E-01  0.6347932312E+01  0.3470078516E+00  0.0000000000E+00  0.0000000000E+00  0.0000000000E+00
20  0.9754197419E-04  0.1322854286E-03  0.1868680902E-03  0.1618570404E-03  0.2235194960E-03  0.3573905045E+00  0.1594298255E+00  0.2058588751E+02 -0.1834092273E+01  0.9703651332E+01  0.2879130938E+02  0.1594298255E+00  0.6109078620E+01  0.3573905045E+00  0.3573905045E+00  0.1594298255E+00  0.0000000000E+00  0.0000000000E+00  0.2058588751E+02 -0.1834092273E+01  0.9703651332E+01  0.0000000000E+00  0.0000000000E+00  0.0000000000E+00  0.1594298255E+00  0.6109078620E+01  0.3573905045E+00  0.0000000000E+00  0.0000000000E+00  0.0000000000E+00
21  0.9469506638E-04  0.1273057557E-03  0.1886708153E-03  0.1605512286E-03  0.2204779330E-03  0.3737863494E+00  0.2789937686E+00  0.2126521340E+02 -0.2215419100E+01  0.9739240460E+01  0.2981775938E+02  0.2789937686E+00  0.6090843912E+01  0.3737863494E+00  0.3737863494E+00  0.2789937686E+00  0.0000000000E+00  0.0000000000E+00  0.2126521340E+02 -0.2215419100E+01  0.9739240460E+01  0.0000000000E+00  0.0000000000E+00  0.0000000000E+00  0.2789937686E+00  0.6090843912E+01  0.3737863494E+00  0.0000000000E+00  0.0000000000E+00  0.0000000000E+00
22  0.9020575285E-04  0.1233466793E-03  0.1887498203E-03  0.1555930032E-03  0.2195375478E-03  0.3927504674E+00  0.4031533856E+00  0.2232277554E+02 -0.2550843478E+01  0.1012563129E+02  0.3084665938E+02  0.4031533856E+00  0.6275814138E+01  0.3927504674E+00  0.3927504674E+00  0.4031533856E+00  0.0000000000E+00  0.0000000000E+00  0.2232277554E+02 -0.2550843478E+01  0.1012563129E+02  0.0000000000E+00  0.0000000000E+00  0.0000000000E+00  0.4031533856E+00  0.6275814138E+01  0.3927504674E+00  0.0000000000E+00  0.0000000000E+00  0.0000000000E+00
23  0.8488425563E-04  0.1203854464E-03  0.1912083425E-03  0.1515041305E-03  0.2116307788E-03  0.4137054305E+00  0.5124349715E+00  0.2355744151E+02 -0.2801657894E+01  0.1075180392E+02  0.3190965938E+02  0.5124349715E+00  0.6618794296E+01  0.4137054305E+00  0.4137054305E+00  0.5124349715E+00  0.0000000000E+00  0.0000000000E+00  0.2355744151E+02 -0.2801657894E+01  0.1075180392E+02  0.0000000000E+00  0.0000000000E+00  0.0000000000E+00  0.5124349715E+00  0.6618794296E+01  0.4137054305E+00  0.0000000000E+00  0.0000000000E+00  0.0000000000E+00
24  0.8022795450E-04  0.1166185305E-03  0.1941073427E-03  0.1485272546E-03  0.1951714785E-03  0.4322257182E+00  0.5932035953E+00  0.2474686037E+02 -0.2945484424E+01  0.1146279760E+02  0.3296555938E+02  0.5932035953E+00  0.7038992236E+01  0.4322257182E+00  0.4322257182E+00  0.5932035953E+00  0.0000000000E+00  0.0000000000E+00  0.2474686037E+02 -0.2945484424E+01  0.1146279760E+02  0.0000000000E+00  0.0000000000E+00  0.0000000000E+00  0.5932035953E+00  0.7038992236E+01  0.4322257182E+00  0.0000000000E+00  0.0000000000E+00  0.0000000000E+00
25  0.7625629298E-04  0.1111395478E-03  0.1928091657E-03  0.1439253409E-03  0.1762141299E-03  0.4463194824E+00  0.6389004737E+00  0.2571306420E+02 -0.2985888364E+01  0.1210195471E+02  0.3402175938E+02  0.6389004737E+00  0.7453087198E+01  0.4463194824E+00  0.4463194824E+00  0.6389004737E+00  0.0000000000E+00  0.0000000000E+00  0.2571306420E+02 -0.2985888364E+01  0.1210195471E+02  0.0000000000E+00  0.0000000000E+00  0.0000000000E+00  0.6389004737E+00  0.7453087198E+01  0.4463194824E+00  0.0000000000E+00  0.0000000000E+00  0.0000000000E+00
26  0.7129178027E-04  0.1048690727E-03  0.1848175563E-03  0.1352972132E-03  0.1611751598E-03  0.4547505240E+00  0.6501870368E+00  0.2637495069E+02 -0.2944136703E+01  0.1255809984E+02  0.3507665938E+02  0.6501870368E+00  0.7796977682E+01  0.4547505240E+00  0.4547505240E+00  0.6501870368E+00  0.0000000000E+00  0.0000000000E+00  0.2637495069E+02 -0.2944136703E+01  0.1255809984E+02  0.0000000000E+00  0.0000000000E+00  0.0000000000E+00  0.6501870368E+00  0.7796977682E+01  0.4547505240E+00  0.0000000000E+00  0.0000000000E+00  0.0000000000E+00
27  0.6406688590E-04  0.9958018342E-04  0.1710174979E-03  0.1224575769E-03  0.1502240648E-03  0.4576753282E+00  0.6334427649E+00  0.2674314606E+02 -0.2851898244E+01  0.1278626526E+02  0.3613285938E+02  0.6334427649E+00  0.8036338844E+01  0.4576753282E+00  0.4576753282E+00  0.6334427649E+00  0.0000000000E+00  0.0000000000E+00  0.2674314606E+02 -0.2851898244E+01  0.1278626526E+02  0.0000000000E+00  0.0000000000E+00  0.0000000000E+00  0.6334427649E+00  0.8036338844E+01  0.4576753282E+00  0.0000000000E+00  0.0000000000E+00  0.0000000000E+00
28  0.5514635237E-04  0.9613326207E-04  0.1541759289E-03  0.1072127200E-03  0.1385693685E-03  0.4565978775E+00  0.5982148400E+00  0.2689502469E+02 -0.2742294395E+01  0.1280639689E+02  0.3715930937E+02  0.5982148400E+00  0.8167989986E+01  0.4565978775E+00  0.4565978775E+00  0.5982148400E+00  0.0000000000E+00  0.0000000000E+00  0.2689502469E+02 -0.2742294395E+01  0.1280639689E+02  0.0000000000E+00  0.0000000000E+00  0.0000000000E+00  0.5982148400E+00  0.8167989986E+01  0.4565978775E+00  0.0000000000E+00  0.0000000000E+00  0.0000000000E+00
29  0.4662672989E-04  0.9351694718E-04  0.1368098294E-03  0.9209717000E-04  0.1233625403E-03  0.4526211373E+00  0.5522198003E+00  0.2668038455E+02 -0.2635336037E+01  0.1264693775E+02  0.3818845938E+02  0.5522198003E+00  0.8168958799E+01  0.4526211373E+00  0.4526211373E+00  0.5522198003E+00  0.0000000000E+00  0.0000000000E+00  0.2668038455E+02 -0.2635336037E+01  0.1264693775E+02  0.0000000000E+00  0.0000000000E+00  0.0000000000E+00  0.5522198003E+00  0.8168958799E+01  0.4526211373E+00  0.0000000000E+00  0.0000000000E+00  0.0000000000E+00
30  0.4029224519E-04  0.8979537035E-04  0.1200006748E-03  0.7897465017E-04  0.1063608249E-03  0.4565560166E+00  0.5117625592E+00  0.2703705611E+02 -0.2578800334E+01  0.1251932441E+02  0.3923348438E+02  0.5117625592E+00  0.8222981454E+01  0.4565560166E+00  0.4565560166E+00  0.5117625592E+00  0.0000000000E+00  0.0000000000E+00  0.2703705611E+02 -0.2578800334E+01  0.1251932441E+02  0.0000000000E+00  0.0000000000E+00  0.0000000000E+00  0.5117625592E+00  0.8222981454E+01  0.4565560166E+00  0.0000000000E+00  0.0000000000E+00  0.0000000000E+00
31  0.3595603939E-04  0.8375012471E-04  0.1037568569E-03  0.6834990244E-04  0.9154155536E-04  0.4593736775E+00  0.4742606069E+00  0.2717468438E+02 -0.2532151894E+01  0.1236536328E+02  0.4029348438E+02  0.4742606069E+00  0.8209407034E+01  0.4593736775E+00  0.4593736775E+00  0.4742606069E+00  0.0000000000E+00  0.0000000000E+00  0.2717468438E+02 -0.2532151894E+01  0.1236536328E+02  0.0000000000E+00  0.0000000000E+00  0.0000000000E+00  0.4742606069E+00  0.8209407034E+01  0.4593736775E+00  0.0000000000E+00  0.0000000000E+00  0.0000000000E+00
32  0.3207171265E-04  0.7565637507E-04  0.8792335810E-04  0.5957739887E-04  0.8094374297E-04  0.4649926591E+00  0.4461090727E+00  0.2731288368E+02 -0.2507211742E+01  0.1226610781E+02  0.4134863698E+02  0.4461090727E+00  0.8194278205E+01  0.4649926591E+00  0.4649926591E+00  0.4461090727E+00  0.0000000000E+00  0.0000000000E+00  0.2731288368E+02 -0.2507211742E+01  0.1226610781E+02  0.0000000000E+00  0.0000000000E+00  0.0000000000E+00  0.4461090727E+00  0.8194278205E+01  0.4649926591E+00  0.0000000000E+00  0.0000000000E+00  0.0000000000E+00
33  0.2754591047E-04  0.6678819182E-04  0.7290279769E-04  0.5172672174E-04  0.7254244313E-04  0.4737509982E+00  0.4289555901E+00  0.2747951509E+02 -0.2497772259E+01  0.1224809419E+02  0.4240725938E+02  0.4289555901E+00  0.8200816731E+01  0.4737509982E+00  0.4737509982E+00  0.4289555901E+00  0.0000000000E+00  0.0000000000E+00  0.2747951509E+02 -0.2497772259E+01  0.1224809419E+02  0.0000000000E+00  0.0000000000E+00  0.0000000000E+00  0.4289555901E+00  0.8200816731E+01  0.4737509982E+00  0.0000000000E+00  0.0000000000E+00  0.0000000000E+00
34  0.2252657768E-04  0.5835855448E-04  0.5951200580E-04  0.4434397989E-04  0.6331758037E-04  0.4844478975E+00  0.4234239339E+00  0.2767890408E+02 -0.2500454862E+01  0.1230689779E+02  0.4346325938E+02  0.4234239339E+00  0.8237522082E+01  0.4844478975E+00  0.4844478975E+00  0.4234239339E+00  0.0000000000E+00  0.0000000000E+00  0.2767890408E+02 -0.2500454862E+01  0.1230689779E+02  0.0000000000E+00  0.0000000000E+00  0.0000000000E+00  0.4234239339E+00  0.8237522082E+01  0.4844478975E+00  0.0000000000E+00  0.0000000000E+00  0.0000000000E+00
35  0.1796318692E-04  0.5073791496E-04  0.4847668745E-04  0.3765191626E-04  0.5257291851E-04  0.4949248374E+00  0.4286114602E+00  0.2788857276E+02 -0.2513330561E+01  0.1241662715E+02  0.4452280938E+02  0.4286114602E+00  0.8299069990E+01  0.4949248374E+00  0.4949248374E+00  0.4286114602E+00  0.0000000000E+00  0.0000000000E+00  0.2788857276E+02 -0.2513330561E+01  0.1241662715E+02  0.0000000000E+00  0.0000000000E+00  0.0000000000E+00  0.4286114602E+00  0.8299069990E+01  0.4949248374E+00  0.0000000000E+00  0.0000000000E+00  0.0000000000E+00
36  0.1477399755E-04  0.4360025570E-04  0.3998884098E-04  0.3226930180E-04  0.4219349759E-04  0.5033447340E+00  0.4420992253E+00  0.2809494587E+02 -0.2535338777E+01  0.1254717821E+02  0.4559085938E+02  0.4420992253E+00  0.8376038731E+01  0.5033447340E+00  0.5033447340E+00  0.4420992253E+00  0.0000000000E+00  0.0000000000E+00  0.2809494587E+02 -0.2535338777E+01  0.1254717821E+02  0.0000000000E+00  0.0000000000E+00  0.0000000000E+00  0.4420992253E+00  0.8376038731E+01  0.5033447340E+00  0.0000000000E+00  0.0000000000E+00  0.0000000000E+00
37  0.1292137355E-04  0.3673240257E-04  0.3373291414E-04  0.2861058804E-04  0.3456117398E-04  0.5087622947E+00  0.4601736191E+00  0.2829323344E+02 -0.2564681477E+01  0.1267443268E+02  0.4670235938E+02  0.4601736191E+00  0.8458716373E+01  0.5087622947E+00  0.5087622947E+00  0.4601736191E+00  0.0000000000E+00  0.0000000000E+00  0.2829323344E+02 -0.2564681477E+01  0.1267443268E+02  0.0000000000E+00  0.0000000000E+00  0.0000000000E+00  0.4601736191E+00  0.8458716373E+01  0.5087622947E+00  0.0000000000E+00  0.0000000000E+00  0.0000000000E+00
38  0.1151669050E-04  0.3053183101E-04  0.2921671579E-04  0.2634730811E-04  0.3011807581E-04  0.5113034023E+00  0.4784712685E+00  0.2848385643E+02 -0.2597777446E+01  0.1278487521E+02  0.4778800938E+02  0.4784712685E+00  0.8539494151E+01  0.5113034023E+00  0.5113034023E+00  0.4784712685E+00  0.0000000000E+00  0.0000000000E+00  0.2848385643E+02 -0.2597777446E+01  0.1278487521E+02  0.0000000000E+00  0.0000000000E+00  0.0000000000E+00  0.4784712685E+00  0.8539494151E+01  0.5113034023E+00  0.0000000000E+00  0.0000000000E+00  0.0000000000E+00
39  0.9912213034E-05  0.2570802296E-04  0.2600501706E-04  0.2460105586E-04  0.2711164378E-04  0.5119709113E+00  0.4927497073E+00  0.2866602802E+02 -0.2628885058E+01  0.1287370284E+02  0.4881680937E+02  0.4927497073E+00  0.8612684741E+01  0.5119709113E+00  0.5119709113E+00  0.4927497073E+00  0.0000000000E+00  0.0000000000E+00  0.2866602802E+02 -0.2628885058E+01  0.1287370284E+02  0.0000000000E+00  0.0000000000E+00  0.0000000000E+00  0.4927497073E+00  0.8612684741E+01  0.5119709113E+00  0.0000000000E+00  0.0000000000E+00  0.0000000000E+00
40  0.8156452621E-05  0.2247816769E-04  0.2368640799E-04  0.2267870459E-04  0.2388850323E-04  0.5121870994E+00  0.5007145989E+00  0.2884932323E+02 -0.2653399099E+01  0.1294721864E+02  0.4987723438E+02  0.5007145989E+00  0.8679623310E+01  0.5121870994E+00  0.5121870994E+00  0.5007145989E+00  0.0000000000E+00  0.0000000000E+00  0.2884932323E+02 -0.2653399099E+01  0.1294721864E+02  0.0000000000E+00  0.0000000000E+00  0.0000000000E+00  0.5007145989E+00  0.8679623310E+01  0.5121870994E+00  0.0000000000E+00  0.0000000000E+00  0.0000000000E+00
41  0.6732594161E-05  0.2030607343E-04  0.2191602698E-04  0.2058518286E-04  0.2056245158E-04  0.5131997880E+00  0.5013074777E+00  0.2902706837E+02 -0.2666554187E+01  0.1300801144E+02  0.5090995937E+02  0.5013074777E+00  0.8738334808E+01  0.5131997880E+00  0.5131997880E+00  0.5013074777E+00  0.0000000000E+00  0.0000000000E+00  0.2902706837E+02 -0.2666554187E+01  0.1300801144E+02  0.0000000000E+00  0.0000000000E+00  0.0000000000E+00  0.5013074777E+00  0.8738334808E+01  0.5131997880E+00  0.0000000000E+00  0.0000000000E+00  0.0000000000E+00
42  0.5852045632E-05  0.1836238872E-04  0.2037158231E-04  0.1866280349E-04  0.1762820774E-04  0.5158068894E+00  0.4956560005E+00  0.2920387269E+02 -0.2667616872E+01  0.1306288645E+02  0.5197055938E+02  0.4956560005E+00  0.8792296689E+01  0.5158068894E+00  0.5158068894E+00  0.4956560005E+00  0.0000000000E+00  0.0000000000E+00  0.2920387269E+02 -0.2667616872E+01  0.1306288645E+02  0.0000000000E+00  0.0000000000E+00  0.0000000000E+00  0.4956560005E+00  0.8792296689E+01  0.5158068894E+00  0.0000000000E+00  0.0000000000E+00  0.0000000000E+00
43  0.5384701353E-05  0.1636883800E-04  0.1898392150E-04  0.1725196905E-04  0.1580386495E-04  0.5199174910E+00  0.4868444931E+00  0.2936886493E+02 -0.2659598248E+01  0.1311248338E+02  0.5299983437E+02  0.4868444931E+00  0.8840644671E+01  0.5199174910E+00  0.5199174910E+00  0.4868444931E+00  0.0000000000E+00  0.0000000000E+00  0.2936886493E+02 -0.2659598248E+01  0.1311248338E+02  0.0000000000E+00  0.0000000000E+00  0.0000000000E+00  0.4868444931E+00  0.8840644671E+01  0.5199174910E+00  0.0000000000E+00  0.0000000000E+00  0.0000000000E+00
44  0.4875764321E-05  0.1445476359E-04  0.1775801077E-04  0.1626445024E-04  0.1450137833E-04  0.5250941800E+00  0.4778789308E+00  0.2952344532E+02 -0.2647485735E+01  0.1315968430E+02  0.5411880937E+02  0.4778789308E+00  0.8885829837E+01  0.5250941800E+00  0.5250941800E+00  0.4778789308E+00  0.0000000000E+00  0.0000000000E+00  0.2952344532E+02 -0.2647485735E+01  0.1315968430E+02  0.0000000000E+00  0.0000000000E+00  0.0000000000E+00  0.4778789308E+00  0.8885829837E+01  0.5250941800E+00  0.0000000000E+00  0.0000000000E+00  0.0000000000E+00
45  0.4232888063E-05  0.1285093878E-04  0.1678767180E-04  0.1547023504E-04  0.1319788119E-04  0.5302605813E+00  0.4719678861E+00  0.2965927973E+02 -0.2637979205E+01  0.1320348274E+02  0.5514740937E+02  0.4719678861E+00  0.8926634850E+01  0.5302605813E+00  0.5302605813E+00  0.4719678861E+00  0.0000000000E+00  0.0000000000E+00  0.2965927973E+02 -0.2637979205E+01  0.1320348274E+02  0.0000000000E+00  0.0000000000E+00  0.0000000000E+00  0.4719678861E+00  0.8926634850E+01  0.5302605813E+00  0.0000000000E+00  0.0000000000E+00  0.0000000000E+00
46  0.3551134081E-05  0.1153243103E-04  0.1604341900E-04  0.1469265214E-04  0.1156821563E-04  0.5347897850E+00  0.4703437764E+00  0.2978149204E+02 -0.2635197307E+01  0.1324661479E+02  0.5620005937E+02  0.4703437764E+00  0.8965082509E+01  0.5347897850E+00  0.5347897850E+00  0.4703437764E+00  0.0000000000E+00  0.0000000000E+00  0.2978149204E+02 -0.2635197307E+01  0.1324661479E+02  0.0000000000E+00  0.0000000000E+00  0.0000000000E+00  0.4703437764E+00  0.8965082509E+01  0.5347897850E+00  0.0000000000E+00  0.0000000000E+00  0.0000000000E+00
47  0.3092846134E-05  0.1035092380E-04  0.1550344300E-04  0.1400809625E-04  0.1009948756E-04  0.5381126033E+00  0.4728010267E+00  0.2988995090E+02 -0.2640562228E+01  0.1328942597E+02  0.5722065937E+02  0.4728010267E+00  0.9000977487E+01  0.5381126033E+00  0.5381126033E+00  0.4728010267E+00  0.0000000000E+00  0.0000000000E+00  0.2988995090E+02 -0.2640562228E+01  0.1328942597E+02  0.0000000000E+00  0.0000000000E+00  0.0000000000E+00  0.4728010267E+00  0.9000977487E+01  0.5381126033E+00  0.0000000000E+00  0.0000000000E+00  0.0000000000E+00
48  0.2843498928E-05  0.9233253297E-05  0.1506403155E-04  0.1345038743E-04  0.9050150769E-05  0.5406211801E+00  0.4776554115E+00  0.2999454069E+02 -0.2652542721E+01  0.1333434577E+02  0.5833905937E+02  0.4776554115E+00  0.9037815038E+01  0.5406211801E+00  0.5406211801E+00  0.4776554115E+00  0.0000000000E+00  0.0000000000E+00  0.2999454069E+02 -0.2652542721E+01  0.1333434577E+02  0.0000000000E+00  0.0000000000E+00  0.0000000000E+00  0.4776554115E+00  0.9037815038E+01  0.5406211801E+00  0.0000000000E+00  0.0000000000E+00  0.0000000000E+00
49  0.2695750250E-05  0.8297673419E-05  0.1469195838E-04  0.1299170174E-04  0.8515921865E-05  0.5438892401E+00  0.4825589542E+00  0.3007730245E+02 -0.2668688873E+01  0.1337827861E+02  0.5936800938E+02  0.4825589542E+00  0.9074103542E+01  0.5438892401E+00  0.5438892401E+00  0.4825589542E+00  0.0000000000E+00  0.0000000000E+00  0.3007730245E+02 -0.2668688873E+01  0.1337827861E+02  0.0000000000E+00  0.0000000000E+00  0.0000000000E+00  0.4825589542E+00  0.9074103542E+01  0.5438892401E+00  0.0000000000E+00  0.0000000000E+00  0.0000000000E+00
50  0.2477609495E-05  0.7619509866E-05  0.1428072472E-04  0.1248200392E-04  0.8021246051E-05  0.5452645685E+00  0.4864024728E+00  0.3018442075E+02 -0.2680619959E+01  0.1342195863E+02  0.6043155938E+02  0.4864024728E+00  0.9108134355E+01  0.5452645685E+00  0.5452645685E+00  0.4864024728E+00  0.0000000000E+00  0.0000000000E+00  0.3018442075E+02 -0.2680619959E+01  0.1342195863E+02  0.0000000000E+00  0.0000000000E+00  0.0000000000E+00  0.4864024728E+00  0.9108134355E+01  0.5452645685E+00  0.0000000000E+00  0.0000000000E+00  0.0000000000E+00
51  0.2272931531E-05  0.7156591797E-05  0.1381615970E-04  0.1191410681E-04  0.7541524174E-05  0.5466878275E+00  0.4880134976E+00  0.3028598443E+02 -0.2687885785E+01  0.1346229490E+02  0.6146530938E+02  0.4880134976E+00  0.9140071272E+01  0.5466878275E+00  0.5466878275E+00  0.4880134976E+00  0.0000000000E+00  0.0000000000E+00  0.3028598443E+02 -0.2687885785E+01  0.1346229490E+02  0.0000000000E+00  0.0000000000E+00  0.0000000000E+00  0.4880134976E+00  0.9140071272E+01  0.5466878275E+00  0.0000000000E+00  0.0000000000E+00  0.0000000000E+00
52  0.2073116606E-05  0.6745789236E-05  0.1324957035E-04  0.1126754352E-04  0.6951240680E-05  0.5485189147E+00  0.4875204766E+00  0.3038220312E+02 -0.2690271937E+01  0.1350071934E+02  0.6252905938E+02  0.4875204766E+00  0.9171332265E+01  0.5485189147E+00  0.5485189147E+00  0.4875204766E+00  0.0000000000E+00  0.0000000000E+00  0.3038220312E+02 -0.2690271937E+01  0.1350071934E+02  0.0000000000E+00  0.0000000000E+00  0.0000000000E+00  0.4875204766E+00  0.9171332265E+01  0.5485189147E+00  0.0000000000E+00  0.0000000000E+00  0.0000000000E+00
53  0.1942381677E-05  0.6310892299E-05  0.1261257493E-04  0.1061974508E-04  0.6473017017E-05  0.5506534722E+00  0.4859052097E+00  0.3046824351E+02 -0.2689498539E+01  0.1353521734E+02  0.6355575938E+02  0.4859052097E+00  0.9200238352E+01  0.5506534722E+00  0.5506534722E+00  0.4859052097E+00  0.0000000000E+00  0.0000000000E+00  0.3046824351E+02 -0.2689498539E+01  0.1353521734E+02  0.0000000000E+00  0.0000000000E+00  0.0000000000E+00  0.4859052097E+00  0.9200238352E+01  0.5506534722E+00  0.0000000000E+00  0.0000000000E+00  0.0000000000E+00
54  0.1803006490E-05  0.5851142032E-05  0.1192031117E-04  0.9991303405E-05  0.6011027643E-05  0.5529225240E+00  0.4842184215E+00  0.3054598447E+02 -0.2687975764E+01  0.1356598906E+02  0.6460995938E+02  0.4842184215E+00  0.9226818480E+01  0.5529225240E+00  0.5529225240E+00  0.4842184215E+00  0.0000000000E+00  0.0000000000E+00  0.3054598447E+02 -0.2687975764E+01  0.1356598906E+02  0.0000000000E+00  0.0000000000E+00  0.0000000000E+00  0.4842184215E+00  0.9226818480E+01  0.5529225240E+00  0.0000000000E+00  0.0000000000E+00  0.0000000000E+00
55  0.1663595226E-05  0.5412827979E-05  0.1122612223E-04  0.9400261487E-05  0.5576569352E-05  0.5549959975E+00  0.4833110209E+00  0.3061416214E+02 -0.2687696222E+01  0.1359246357E+02  0.6568695938E+02  0.4833110209E+00  0.9250111811E+01  0.5549959975E+00  0.5549959975E+00  0.4833110209E+00  0.0000000000E+00  0.0000000000E+00  0.3061416214E+02 -0.2687696222E+01  0.1359246357E+02  0.0000000000E+00  0.0000000000E+00  0.0000000000E+00  0.4833110209E+00  0.9250111811E+01  0.5549959975E+00  0.0000000000E+00  0.0000000000E+00  0.0000000000E+00
56  0.1512620822E-05  0.4996327761E-05  0.1053886342E-04  0.8826642431E-05  0.5094570882E-05  0.5567590578E+00  0.4834086790E+00  0.3067632639E+02 -0.2689392444E+01  0.1361669709E+02  0.6674205937E+02  0.4834086790E+00  0.9271170293E+01  0.5567590578E+00  0.5567590578E+00  0.4834086790E+00  0.0000000000E+00  0.0000000000E+00  0.3067632639E+02 -0.2689392444E+01  0.1361669709E+02  0.0000000000E+00  0.0000000000E+00  0.0000000000E+00  0.4834086790E+00  0.9271170293E+01  0.5567590578E+00  0.0000000000E+00  0.0000000000E+00  0.0000000000E+00
57  0.1400337106E-05  0.4603601028E-05  0.9886892792E-05  0.8287499097E-05  0.4682511304E-05  0.5581414784E+00  0.4842898293E+00  0.3073277251E+02 -0.2692709396E+01  0.1363962549E+02  0.6776178438E+02  0.4842898293E+00  0.9290264933E+01  0.5581414784E+00  0.5581414784E+00  0.4842898293E+00  0.0000000000E+00  0.0000000000E+00  0.3073277251E+02 -0.2692709396E+01  0.1363962549E+02  0.0000000000E+00  0.0000000000E+00  0.0000000000E+00  0.4842898293E+00  0.9290264933E+01  0.5581414784E+00  0.0000000000E+00  0.0000000000E+00  0.0000000000E+00
58  0.1299756102E-05  0.4236530290E-05  0.9264759427E-05  0.7772390111E-05  0.4316278446E-05  0.5592823029E+00  0.4854789597E+00  0.3078657786E+02 -0.2696758677E+01  0.1366283855E+02  0.6882605938E+02  0.4854789597E+00  0.9308680042E+01  0.5592823029E+00  0.5592823029E+00  0.4854789597E+00  0.0000000000E+00  0.0000000000E+00  0.3078657786E+02 -0.2696758677E+01  0.1366283855E+02  0.0000000000E+00  0.0000000000E+00  0.0000000000E+00  0.4854789597E+00  0.9308680042E+01  0.5592823029E+00  0.0000000000E+00  0.0000000000E+00  0.0000000000E+00
59  0.1218626567E-05  0.3913946379E-05  0.8683959152E-05  0.7285037068E-05  0.4029213293E-05  0.5602926654E+00  0.4864781873E+00  0.3083720919E+02 -0.2700442779E+01  0.1368567130E+02  0.6984600938E+02  0.4864781873E+00  0.9326314683E+01  0.5602926654E+00  0.5602926654E+00  0.4864781873E+00  0.0000000000E+00  0.0000000000E+00  0.3083720919E+02 -0.2700442779E+01  0.1368567130E+02  0.0000000000E+00  0.0000000000E+00  0.0000000000E+00  0.4864781873E+00  0.9326314683E+01  0.5602926654E+00  0.0000000000E+00  0.0000000000E+00  0.0000000000E+00
60  0.1127977561E-05  0.3630019603E-05  0.8127530774E-05  0.6806188873E-05  0.3737929214E-05  0.5613090419E+00  0.4870382390E+00  0.3088589323E+02 -0.2703199624E+01  0.1370784277E+02  0.7089773438E+02  0.4870382390E+00  0.9343484621E+01  0.5613090419E+00  0.5613090419E+00  0.4870382390E+00  0.0000000000E+00  0.0000000000E+00  0.3088589323E+02 -0.2703199624E+01  0.1370784277E+02  0.0000000000E+00  0.0000000000E+00  0.0000000000E+00  0.4870382390E+00  0.9343484621E+01  0.5613090419E+00  0.0000000000E+00  0.0000000000E+00  0.0000000000E+00
61  0.1050922595E-05  0.3374477154E-05  0.7597912381E-05  0.6343997534E-05  0.3478209143E-05  0.5623408063E+00  0.4871487125E+00  0.3093081203E+02 -0.2704877107E+01  0.1372781875E+02  0.7191800938E+02  0.4871487125E+00  0.9359362085E+01  0.5623408063E+00  0.5623408063E+00  0.4871487125E+00  0.0000000000E+00  0.0000000000E+00  0.3093081203E+02 -0.2704877107E+01  0.1372781875E+02  0.0000000000E+00  0.0000000000E+00  0.0000000000E+00  0.4871487125E+00  0.9359362085E+01  0.5623408063E+00  0.0000000000E+00  0.0000000000E+00  0.0000000000E+00
62  0.9711153841E-06  0.3129943861E-05  0.7082556768E-05  0.5895684676E-05  0.3212830132E-05  0.5633639322E+00  0.4870036731E+00  0.3097154112E+02 -0.2705824455E+01  0.1374523221E+02  0.7293775938E+02  0.4870036731E+00  0.9373669444E+01  0.5633639322E+00  0.5633639322E+00  0.4870036731E+00  0.0000000000E+00  0.0000000000E+00  0.3097154112E+02 -0.2705824455E+01  0.1374523221E+02  0.0000000000E+00  0.0000000000E+00  0.0000000000E+00  0.4870036731E+00  0.9373669444E+01  0.5633639322E+00  0.0000000000E+00  0.0000000000E+00  0.0000000000E+00
63  0.8981184302E-06  0.2894683744E-05  0.6584209178E-05  0.5468950967E-05  0.2967539431E-05  0.5643278661E+00  0.4868338326E+00  0.3100797352E+02 -0.2706518433E+01  0.1376031767E+02  0.7394955938E+02  0.4868338326E+00  0.9386358482E+01  0.5643278661E+00  0.5643278661E+00  0.4868338326E+00  0.0000000000E+00  0.0000000000E+00  0.3100797352E+02 -0.2706518433E+01  0.1376031767E+02  0.0000000000E+00  0.0000000000E+00  0.0000000000E+00  0.4868338326E+00  0.9386358482E+01  0.5643278661E+00  0.0000000000E+00  0.0000000000E+00  0.0000000000E+00
64  0.8274994143E-06  0.2671137524E-05  0.6108163464E-05  0.5067957439E-05  0.2732823803E-05  0.5652270014E+00  0.4867918831E+00  0.3104174154E+02 -0.2707348845E+01  0.1377420769E+02  0.7500465938E+02  0.4867918831E+00  0.9398068471E+01  0.5652270014E+00  0.5652270014E+00  0.4867918831E+00  0.0000000000E+00  0.0000000000E+00  0.3104174154E+02 -0.2707348845E+01  0.1377420769E+02  0.0000000000E+00  0.0000000000E+00  0.0000000000E+00  0.4867918831E+00  0.9398068471E+01  0.5652270014E+00  0.0000000000E+00  0.0000000000E+00  0.0000000000E+00
65  0.7700061521E-06  0.2464673064E-05  0.5669241502E-05  0.4702410614E-05  0.2532787988E-05  0.5659987185E+00  0.4869380655E+00  0.3107178168E+02 -0.2708452160E+01  0.1378682319E+02  0.7601565937E+02  0.4869380655E+00  0.9408518442E+01  0.5659987185E+00  0.5659987185E+00  0.4869380655E+00  0.0000000000E+00  0.0000000000E+00  0.3107178168E+02 -0.2708452160E+01  0.1378682319E+02  0.0000000000E+00  0.0000000000E+00  0.0000000000E+00  0.4869380655E+00  0.9408518442E+01  0.5659987185E+00  0.0000000000E+00  0.0000000000E+00  0.0000000000E+00
66  0.7076214907E-06  0.2269843990E-05  0.5256072070E-05  0.4357642830E-05  0.2325509391E-05  0.5666669780E+00  0.4872076944E+00  0.3109910742E+02 -0.2709755104E+01  0.1379874861E+02  0.7704595937E+02  0.4872076944E+00  0.9418123262E+01  0.5666669780E+00  0.5666669780E+00  0.4872076944E+00  0.0000000000E+00  0.0000000000E+00  0.3109910742E+02 -0.2709755104E+01  0.1379874861E+02  0.0000000000E+00  0.0000000000E+00  0.0000000000E+00  0.4872076944E+00  0.9418123262E+01  0.5666669780E+00  0.0000000000E+00  0.0000000000E+00  0.0000000000E+00
67  0.6538412312E-06  0.2088275085E-05  0.4869717783E-05  0.4033736335E-05  0.2142231293E-05  0.5672979883E+00  0.4874935794E+00  0.3112478195E+02 -0.2711128376E+01  0.1381015891E+02  0.7813868437E+02  0.4874935794E+00  0.9427239461E+01  0.5672979883E+00  0.5672979883E+00  0.4874935794E+00  0.0000000000E+00  0.0000000000E+00  0.3112478195E+02 -0.2711128376E+01  0.1381015891E+02  0.0000000000E+00  0.0000000000E+00  0.0000000000E+00  0.4874935794E+00  0.9427239461E+01  0.5672979883E+00  0.0000000000E+00  0.0000000000E+00  0.0000000000E+00
68  0.6057020664E-06  0.1921495446E-05  0.4511414081E-05  0.3729298337E-05  0.1978167534E-05  0.5686623486E+00  0.4876622730E+00  0.3115115787E+02 -0.2713341796E+01  0.1382120755E+02  0.7919795937E+02  0.4876622730E+00  0.9437258508E+01  0.5686623486E+00  0.5686623486E+00  0.4876622730E+00  0.0000000000E+00  0.0000000000E+00  0.3115115787E+02 -0.2713341796E+01  0.1382120755E+02  0.0000000000E+00  0.0000000000E+00  0.0000000000E+00  0.4876622730E+00  0.9437258508E+01  0.5686623486E+00  0.0000000000E+00  0.0000000000E+00  0.0000000000E+00
69  0.5635852506E-06  0.1769914245E-05  0.4185135328E-05  0.3448990891E-05  0.1832680516E-05  0.5691568053E+00  0.4877638146E+00  0.3117146906E+02 -0.2714004374E+01  0.1382947431E+02  0.8022835937E+02  0.4877638146E+00  0.9444201995E+01  0.5691568053E+00  0.5691568053E+00  0.4877638146E+00  0.0000000000E+00  0.0000000000E+00  0.3117146906E+02 -0.2714004374E+01  0.1382947431E+02  0.0000000000E+00  0.0000000000E+00  0.0000000000E+00  0.4877638146E+00  0.9444201995E+01  0.5691568053E+00  0.0000000000E+00  0.0000000000E+00  0.0000000000E+00
70  0.5173204535E-06  0.1628793245E-05  0.3876305901E-05  0.3187065585E-05  0.1683195747E-05  0.5696087186E+00  0.4878268928E+00  0.3118971091E+02 -0.2714541160E+01  0.1383697127E+02  0.8125760937E+02  0.4878268928E+00  0.9450448947E+01  0.5696087186E+00  0.5696087186E+00  0.4878268928E+00  0.0000000000E+00  0.0000000000E+00  0.3118971091E+02 -0.2714541160E+01  0.1383697127E+02  0.0000000000E+00  0.0000000000E+00  0.0000000000E+00  0.4878268928E+00  0.9450448947E+01  0.5696087186E+00  0.0000000000E+00  0.0000000000E+00  0.0000000000E+00
71  0.4754200755E-06  0.1495740229E-05  0.3583357160E-05  0.2938939445E-05  0.1545200378E-05  0.5700577705E+00  0.4878889067E+00  0.3120701864E+02 -0.2715094482E+01  0.1384459886E+02  0.8228795937E+02  0.4878889067E+00  0.9456571026E+01  0.5700577705E+00  0.5700577705E+00  0.4878889067E+00  0.0000000000E+00  0.0000000000E+00  0.3120701864E+02 -0.2715094482E+01  0.1384459886E+02  0.0000000000E+00  0.0000000000E+00  0.0000000000E+00  0.4878889067E+00  0.9456571026E+01  0.5700577705E+00  0.0000000000E+00  0.0000000000E+00  0.0000000000E+00
72  0.4369123375E-06  0.1371533569E-05  0.3308186641E-05  0.2706713702E-05  0.1416911111E-05  0.5705091924E+00  0.4879724148E+00  0.3122393518E+02 -0.2715728310E+01  0.1385240893E+02  0.8334305937E+02  0.4879724148E+00  0.9462710650E+01  0.5705091924E+00  0.5705091924E+00  0.4879724148E+00  0.0000000000E+00  0.0000000000E+00  0.3122393518E+02 -0.2715728310E+01  0.1385240893E+02  0.0000000000E+00  0.0000000000E+00  0.0000000000E+00  0.4879724148E+00  0.9462710650E+01  0.5705091924E+00  0.0000000000E+00  0.0000000000E+00  0.0000000000E+00
73  0.4053748613E-06  0.1258870948E-05  0.3055441534E-05  0.2494398516E-05  0.1308276942E-05  0.5709227898E+00  0.4880705907E+00  0.3123944832E+02 -0.2716382532E+01  0.1385955361E+02  0.8436415937E+02  0.4880705907E+00  0.9468370972E+01  0.5709227898E+00  0.5709227898E+00  0.4880705907E+00  0.0000000000E+00  0.0000000000E+00  0.3123944832E+02 -0.2716382532E+01  0.1385955361E+02  0.0000000000E+00  0.0000000000E+00  0.0000000000E+00  0.4880705907E+00  0.9468370972E+01  0.5709227898E+00  0.0000000000E+00  0.0000000000E+00  0.0000000000E+00
74  0.3713850742E-06  0.1155219881E-05  0.2817395462E-05  0.2294730612E-05  0.1197570084E-05  0.5712890012E+00  0.4881677496E+00  0.3125347802E+02 -0.2716995957E+01  0.1386587196E+02  0.8539515937E+02  0.4881677496E+00  0.9473454079E+01  0.5712890012E+00  0.5712890012E+00  0.4881677496E+00  0.0000000000E+00  0.0000000000E+00  0.3125347802E+02 -0.2716995957E+01  0.1386587196E+02  0.0000000000E+00  0.0000000000E+00  0.0000000000E+00  0.4881677496E+00  0.9473454079E+01  0.5712890012E+00  0.0000000000E+00  0.0000000000E+00  0.0000000000E+00
75  0.3410894839E-06  0.1059834720E-05  0.2592914008E-05  0.2107769237E-05  0.1097804799E-05  0.5716047176E+00  0.4882575385E+00  0.3126607806E+02 -0.2717536329E+01  0.1387149933E+02  0.8649785938E+02  0.4882575385E+00  0.9477970523E+01  0.5716047176E+00  0.5716047176E+00  0.4882575385E+00  0.0000000000E+00  0.0000000000E+00  0.3126607806E+02 -0.2717536329E+01  0.1387149933E+02  0.0000000000E+00  0.0000000000E+00  0.0000000000E+00  0.4882575385E+00  0.9477970523E+01  0.5716047176E+00  0.0000000000E+00  0.0000000000E+00  0.0000000000E+00
76  0.3127021900E-06  0.9720614943E-06  0.2382005822E-05  0.1933852870E-05  0.1005246130E-05  0.5718956688E+00  0.4883311224E+00  0.3127778226E+02 -0.2718006619E+01  0.1387679088E+02  0.8754863438E+02  0.4883311224E+00  0.9482194497E+01  0.5718956688E+00  0.5718956688E+00  0.4883311224E+00  0.0000000000E+00  0.0000000000E+00  0.3127778226E+02 -0.2718006619E+01  0.1387679088E+02  0.0000000000E+00  0.0000000000E+00  0.0000000000E+00  0.4883311224E+00  0.9482194497E+01  0.5718956688E+00  0.0000000000E+00  0.0000000000E+00  0.0000000000E+00
77  0.2889969085E-06  0.8921924268E-06  0.2187684874E-05  0.1774961386E-05  0.9262837242E-06  0.5721596627E+00  0.4883900220E+00  0.3128832104E+02 -0.2718408830E+01  0.1388163043E+02  0.8857135938E+02  0.4883900220E+00  0.9486024749E+01  0.5721596627E+00  0.5721596627E+00  0.4883900220E+00  0.0000000000E+00  0.0000000000E+00  0.3128832104E+02 -0.2718408830E+01  0.1388163043E+02  0.0000000000E+00  0.0000000000E+00  0.0000000000E+00  0.4883900220E+00  0.9486024749E+01  0.5721596627E+00  0.0000000000E+00  0.0000000000E+00  0.0000000000E+00
78  0.2640583403E-06  0.8179005061E-06  0.2006118488E-05  0.1626807482E-05  0.8464937987E-06  0.5724041555E+00  0.4884403911E+00  0.3129790589E+02 -0.2718769184E+01  0.1388608124E+02  0.8957505937E+02  0.4884403911E+00  0.9489529068E+01  0.5724041555E+00  0.5724041555E+00  0.4884403911E+00  0.0000000000E+00  0.0000000000E+00  0.3129790589E+02 -0.2718769184E+01  0.1388608124E+02  0.0000000000E+00  0.0000000000E+00  0.0000000000E+00  0.4884403911E+00  0.9489529068E+01  0.5724041555E+00  0.0000000000E+00  0.0000000000E+00  0.0000000000E+00
79  0.2419421539E-06  0.7487269924E-06  0.1837550835E-05  0.1489676103E-05  0.7743880506E-06  0.5726293086E+00  0.4884873120E+00  0.3130662526E+02 -0.2719100215E+01  0.1389014658E+02  0.9058005937E+02  0.4884873120E+00  0.9492728312E+01  0.5726293086E+00  0.5726293086E+00  0.4884873120E+00  0.0000000000E+00  0.0000000000E+00  0.3130662526E+02 -0.2719100215E+01  0.1389014658E+02  0.0000000000E+00  0.0000000000E+00  0.0000000000E+00  0.4884873120E+00  0.9492728312E+01  0.5726293086E+00  0.0000000000E+00  0.0000000000E+00  0.0000000000E+00
80  0.2213954526E-06  0.6845680336E-06  0.1682215581E-05  0.1363647132E-05  0.7074932434E-06  0.5728399869E+00  0.4885340070E+00  0.3131475864E+02 -0.2719414390E+01  0.1389394126E+02  0.9161860937E+02  0.4885340070E+00  0.9495718788E+01  0.5728399869E+00  0.5728399869E+00  0.4885340070E+00  0.0000000000E+00  0.0000000000E+00  0.3131475864E+02 -0.2719414390E+01  0.1389394126E+02  0.0000000000E+00  0.0000000000E+00  0.0000000000E+00  0.4885340070E+00  0.9495718788E+01  0.5728399869E+00  0.0000000000E+00  0.0000000000E+00  0.0000000000E+00
81  0.2041406119E-06  0.6259498385E-06  0.1541642150E-05  0.1249672511E-05  0.6500972302E-06  0.5730278072E+00  0.4885796792E+00  0.3132204552E+02 -0.2719701860E+01  0.1389733520E+02  0.9262705937E+02  0.4885796792E+00  0.9498400264E+01  0.5730278072E+00  0.5730278072E+00  0.4885796792E+00  0.0000000000E+00  0.0000000000E+00  0.3132204552E+02 -0.2719701860E+01  0.1389733520E+02  0.0000000000E+00  0.0000000000E+00  0.0000000000E+00  0.4885796792E+00  0.9498400264E+01  0.5730278072E+00  0.0000000000E+00  0.0000000000E+00  0.0000000000E+00
82  0.1863188349E-06  0.5716617874E-06  0.1412480162E-05  0.1144388909E-05  0.5929337786E-06  0.5731964336E+00  0.4886234935E+00  0.3132861658E+02 -0.2719965654E+01  0.1390041496E+02  0.9362700937E+02  0.4886234935E+00  0.9500824949E+01  0.5731964336E+00  0.5731964336E+00  0.4886234935E+00  0.0000000000E+00  0.0000000000E+00  0.3132861658E+02 -0.2719965654E+01  0.1390041496E+02  0.0000000000E+00  0.0000000000E+00  0.0000000000E+00  0.4886234935E+00  0.9500824949E+01  0.5731964336E+00  0.0000000000E+00  0.0000000000E+00  0.0000000000E+00
83  0.1705543949E-06  0.5215050154E-06  0.1293931619E-05  0.1047452915E-05  0.5415441494E-06  0.5733493547E+00  0.4886639234E+00  0.3133457060E+02 -0.2720206080E+01  0.1390323510E+02  0.9462305937E+02  0.4886639234E+00  0.9503031638E+01  0.5733493547E+00  0.5733493547E+00  0.4886639234E+00  0.0000000000E+00  0.0000000000E+00  0.3133457060E+02 -0.2720206080E+01  0.1390323510E+02  0.0000000000E+00  0.0000000000E+00  0.0000000000E+00  0.4886639234E+00  0.9503031638E+01  0.5733493547E+00  0.0000000000E+00  0.0000000000E+00  0.0000000000E+00
84  0.1559584222E-06  0.4753691806E-06  0.1185292217E-05  0.9584865625E-06  0.4940883311E-06  0.5734927725E+00  0.4887002351E+00  0.3134011888E+02 -0.2720427107E+01  0.1390588724E+02  0.9564825937E+02  0.4887002351E+00  0.9505097835E+01  0.5734927725E+00  0.5734927725E+00  0.4887002351E+00  0.0000000000E+00  0.0000000000E+00  0.3134011888E+02 -0.2720427107E+01  0.1390588724E+02  0.0000000000E+00  0.0000000000E+00  0.0000000000E+00  0.4887002351E+00  0.9505097835E+01  0.5734927725E+00  0.0000000000E+00  0.0000000000E+00  0.0000000000E+00
85  0.1435910490E-06  0.4334694379E-06  0.1086936037E-05  0.8778446443E-06  0.4531632739E-06  0.5736225207E+00  0.4887315412E+00  0.3134510272E+02 -0.2720621971E+01  0.1390827223E+02  0.9664415938E+02  0.4887315412E+00  0.9506958806E+01  0.5736225207E+00  0.5736225207E+00  0.4887315412E+00  0.0000000000E+00  0.0000000000E+00  0.3134510272E+02 -0.2720621971E+01  0.1390827223E+02  0.0000000000E+00  0.0000000000E+00  0.0000000000E+00  0.4887315412E+00  0.9506958806E+01  0.5736225207E+00  0.0000000000E+00  0.0000000000E+00  0.0000000000E+00
86  0.1309157037E-06  0.3949255274E-06  0.9962647782E-06  0.8032251354E-06  0.4126366623E-06  0.5737402655E+00  0.4887596624E+00  0.3134959667E+02 -0.2720796786E+01  0.1391042972E+02  0.9762930938E+02  0.4887596624E+00  0.9508641529E+01  0.5737402655E+00  0.5737402655E+00  0.4887596624E+00  0.0000000000E+00  0.0000000000E+00  0.3134959667E+02 -0.2720796786E+01  0.1391042972E+02  0.0000000000E+00  0.0000000000E+00  0.0000000000E+00  0.4887596624E+00  0.9508641529E+01  0.5737402655E+00  0.0000000000E+00  0.0000000000E+00  0.0000000000E+00
87  0.1196546395E-06  0.3595097114E-06  0.9126255950E-06  0.7344218258E-06  0.3761556770E-06  0.5738470234E+00  0.4887860816E+00  0.3135365479E+02 -0.2720956253E+01  0.1391239030E+02  0.9863305938E+02  0.4887860816E+00  0.9510166438E+01  0.5738470234E+00  0.5738470234E+00  0.4887860816E+00  0.0000000000E+00  0.0000000000E+00  0.3135365479E+02 -0.2720956253E+01  0.1391239030E+02  0.0000000000E+00  0.0000000000E+00  0.0000000000E+00  0.4887860816E+00  0.9510166438E+01  0.5738470234E+00  0.0000000000E+00  0.0000000000E+00  0.0000000000E+00
88  0.1092317155E-06  0.3270779373E-06  0.8355770244E-06  0.6712232650E-06  0.3425164037E-06  0.5739461189E+00  0.4888115480E+00  0.3135741284E+02 -0.2721105520E+01  0.1391422067E+02  0.9964963802E+02  0.4888115480E+00  0.9511584759E+01  0.5739461189E+00  0.5739461189E+00  0.4888115480E+00  0.0000000000E+00  0.0000000000E+00  0.3135741284E+02 -0.2721105520E+01  0.1391422067E+02  0.0000000000E+00  0.0000000000E+00  0.0000000000E+00  0.4888115480E+00  0.9511584759E+01  0.5739461189E+00  0.0000000000E+00  0.0000000000E+00  0.0000000000E+00
89  0.1003412596E-06  0.2977001379E-06  0.7654449387E-06  0.6138678564E-06  0.3134201233E-06  0.5740349642E+00  0.4888351041E+00  0.3136078006E+02 -0.2721240094E+01  0.1391586643E+02  0.1006385594E+03  0.4888351041E+00  0.9512859563E+01  0.5740349642E+00  0.5740349642E+00  0.4888351041E+00  0.0000000000E+00  0.0000000000E+00  0.3136078006E+02 -0.2721240094E+01  0.1391586643E+02  0.0000000000E+00  0.0000000000E+00  0.0000000000E+00  0.4888351041E+00  0.9512859563E+01  0.5740349642E+00  0.0000000000E+00  0.0000000000E+00  0.0000000000E+00
90  0.9134528994E-07  0.2707789233E-06  0.7006423586E-06  0.5608606268E-06  0.2848931008E-06  0.5741162144E+00  0.4888568818E+00  0.3136385095E+02 -0.2721363192E+01  0.1391737803E+02  0.1016459594E+03  0.4888568818E+00  0.9514026889E+01  0.5741162144E+00  0.5741162144E+00  0.4888568818E+00  0.0000000000E+00  0.0000000000E+00  0.3136385095E+02 -0.2721363192E+01  0.1391737803E+02  0.0000000000E+00  0.0000000000E+00  0.0000000000E+00  0.4888568818E+00  0.9514026889E+01  0.5741162144E+00  0.0000000000E+00  0.0000000000E+00  0.0000000000E+00
91  0.8359402381E-07  0.2462175933E-06  0.6411430697E-06  0.5123197498E-06  0.2598886671E-06  0.5741921437E+00  0.4888739317E+00  0.3136665565E+02 -0.2721473608E+01  0.1391873628E+02  0.1027259594E+03  0.4888739317E+00  0.9515100094E+01  0.5741921437E+00  0.5741921437E+00  0.4888739317E+00  0.0000000000E+00  0.0000000000E+00  0.3136665565E+02 -0.2721473608E+01  0.1391873628E+02  0.0000000000E+00  0.0000000000E+00  0.0000000000E+00  0.4888739317E+00  0.9515100094E+01  0.5741921437E+00  0.0000000000E+00  0.0000000000E+00  0.0000000000E+00
92  0.7624371039E-07  0.2237457838E-06  0.5863006093E-06  0.4676860684E-06  0.2364413874E-06  0.5742709343E+00  0.4888898023E+00  0.3136938194E+02 -0.2721605057E+01  0.1391997046E+02  0.1037456594E+03  0.4888898023E+00  0.9516152400E+01  0.5742709343E+00  0.5742709343E+00  0.4888898023E+00  0.0000000000E+00  0.0000000000E+00  0.3136938194E+02 -0.2721605057E+01  0.1391997046E+02  0.0000000000E+00  0.0000000000E+00  0.0000000000E+00  0.4888898023E+00  0.9516152400E+01  0.5742709343E+00  0.0000000000E+00  0.0000000000E+00  0.0000000000E+00
93  0.6951932458E-07  0.2031478421E-06  0.5359077219E-06  0.4268435601E-06  0.2149191367E-06  0.5743253952E+00  0.4889035642E+00  0.3137155474E+02 -0.2721669864E+01  0.1392095543E+02  0.1047686594E+03  0.4889035642E+00  0.9516931106E+01  0.5743253952E+00  0.5743253952E+00  0.4889035642E+00  0.0000000000E+00  0.0000000000E+00  0.3137155474E+02 -0.2721669864E+01  0.1392095543E+02  0.0000000000E+00  0.0000000000E+00  0.0000000000E+00  0.4889035642E+00  0.9516931106E+01  0.5743253952E+00  0.0000000000E+00  0.0000000000E+00  0.0000000000E+00
94  0.6328775383E-07  0.1844252792E-06  0.4895009556E-06  0.3893698716E-06  0.1952995854E-06  0.5743754845E+00  0.4889195129E+00  0.3137348517E+02 -0.2721737888E+01  0.1392190426E+02  0.1057791594E+03  0.4889195129E+00  0.9517653767E+01  0.5743754845E+00  0.5743754845E+00  0.4889195129E+00  0.0000000000E+00  0.0000000000E+00  0.3137348517E+02 -0.2721737888E+01  0.1392190426E+02  0.0000000000E+00  0.0000000000E+00  0.0000000000E+00  0.4889195129E+00  0.9517653767E+01  0.5743754845E+00  0.0000000000E+00  0.0000000000E+00  0.0000000000E+00
95  0.5760395114E-07  0.1673042081E-06  0.4467910332E-06  0.3549301518E-06  0.1773601522E-06  0.5744243843E+00  0.4889366878E+00  0.3137528004E+02 -0.2721814792E+01  0.1392285523E+02  0.1068094094E+03  0.4889366878E+00  0.9518359610E+01  0.5744243843E+00  0.5744243843E+00  0.4889366878E+00  0.0000000000E+00  0.0000000000E+00  0.3137528004E+02 -0.2721814792E+01  0.1392285523E+02  0.0000000000E+00  0.0000000000E+00  0.0000000000E+00  0.4889366878E+00  0.9518359610E+01  0.5744243843E+00  0.0000000000E+00  0.0000000000E+00  0.0000000000E+00
96  0.5245520501E-07  0.1517304016E-06  0.4076519734E-06  0.3233272634E-06  0.1610563015E-06  0.5744721161E+00  0.4889524355E+00  0.3137700539E+02 -0.2721892581E+01  0.1392377544E+02  0.1078222594E+03  0.4889524355E+00  0.9519046163E+01  0.5744721161E+00  0.5744721161E+00  0.4889524355E+00  0.0000000000E+00  0.0000000000E+00  0.3137700539E+02 -0.2721892581E+01  0.1392377544E+02  0.0000000000E+00  0.0000000000E+00  0.0000000000E+00  0.4889524355E+00  0.9519046163E+01  0.5744721161E+00  0.0000000000E+00  0.0000000000E+00  0.0000000000E+00
97  0.4811902392E-07  0.1377964132E-06  0.3722475064E-06  0.2947108611E-06  0.1471641880E-06  0.5745145647E+00  0.4889643910E+00  0.3137855171E+02 -0.2721958136E+01  0.1392457142E+02  0.1087758594E+03  0.4889643910E+00  0.9519654119E+01  0.5745145647E+00  0.5745145647E+00  0.4889643910E+00  0.0000000000E+00  0.0000000000E+00  0.3137855171E+02 -0.2721958136E+01  0.1392457142E+02  0.0000000000E+00  0.0000000000E+00  0.0000000000E+00  0.4889643910E+00  0.9519654119E+01  0.5745145647E+00  0.0000000000E+00  0.0000000000E+00  0.0000000000E+00
98  0.4361969001E-07  0.1251405294E-06  0.3395184915E-06  0.2682312538E-06  0.1333053730E-06  0.5745519719E+00  0.4889738642E+00  0.3137992232E+02 -0.2722012231E+01  0.1392526607E+02  0.1097171594E+03  0.4889738642E+00  0.9520188824E+01  0.5745519719E+00  0.5745519719E+00  0.4889738642E+00  0.0000000000E+00  0.0000000000E+00  0.3137992232E+02 -0.2722012231E+01  0.1392526607E+02  0.0000000000E+00  0.0000000000E+00  0.0000000000E+00  0.4889738642E+00  0.9520188824E+01  0.5745519719E+00  0.0000000000E+00  0.0000000000E+00  0.0000000000E+00
99  0.3966737944E-07  0.1135875033E-06  0.3092803414E-06  0.2439196326E-06  0.1209825140E-06  0.5745872545E+00  0.4889829811E+00  0.3138116959E+02 -0.2722063526E+01  0.1392589907E+02  0.1108066594E+03  0.4889829811E+00  0.9520671921E+01  0.5745872545E+00  0.5745872545E+00  0.4889829811E+00  0.0000000000E+00  0.0000000000E+00  0.3138116959E+02 -0.2722063526E+01  0.1392589907E+02  0.0000000000E+00  0.0000000000E+00  0.0000000000E+00  0.4889829811E+00  0.9520671921E+01  0.5745872545E+00  0.0000000000E+00  0.0000000000E+00  0.0000000000E+00
100  0.3618632795E-07  0.1030275046E-06  0.2816001877E-06  0.2217183262E-06  0.1100464305E-06  0.5746899523E+00  0.4889868599E+00  0.3138175525E+02 -0.2722172182E+01  0.1392642923E+02  0.1118355594E+03  0.4889868599E+00  0.9521033213E+01  0.5746899523E+00  0.5746899523E+00  0.4889868599E+00  0.0000000000E+00  0.0000000000E+00  0.3138175525E+02 -0.2722172182E+01  0.1392642923E+02  0.0000000000E+00  0.0000000000E+00  0.0000000000E+00  0.4889868599E+00  0.9521033213E+01  0.5746899523E+00  0.0000000000E+00  0.0000000000E+00  0.0000000000E+00
