TITLE="fun3d_case_title"
VARIABLES="Iteration" "R_1" "R_2" "R_3" "R_4" "R_5" "C_L" "C_D" "C_M_x" "C_M_y" "C_M_z" "Wall Time" "C_x" "C_y" "C_z" "C_Lp" "C_Dp" "C_Lv" "C_Dv" "C_M_xp" "C_M_yp" "C_M_zp" "C_M_xv" "C_M_yv" "C_M_zv" "C_xp" "C_yp" "C_zp" "C_xv" "C_yv" "C_zv"
ZONE  I=100 F=POINT
1  0.1414278199E-04  0.7070313988E-05  0.7726504965E-16  0.1234127897E-06  0.3712480272E-04  0.8041306686E+00  0.8962511163E+00  0.1819371995E+01 -0.1504697562E+01 -0.2688329466E+01  0.1098554896E+02  0.8820805976E+00 -0.5374635288E+00  0.8196499344E+00  0.8041306686E+00  0.8962511163E+00  0.0000000000E+00  0.0000000000E+00  0.1819371995E+01 -0.1504697562E+01 -0.2688329466E+01  0.0000000000E+00  0.0000000000E+00  0.0000000000E+00  0.8820805976E+00 -0.5374635288E+00  0.8196499344E+00  0.0000000000E+00  0.0000000000E+00  0.0000000000E+00
2  0.8567734864E-05  0.3399450962E-05  0.1108605374E-05  0.5520029747E-05  0.2287960206E-04  0.1031287127E+01  0.1455421107E+01  0.2385204843E+01 -0.1899933766E+01 -0.4315760132E+01  0.1650440000E+02  0.1437200998E+01 -0.8640882800E+00  0.1056530658E+01  0.1031287127E+01  0.1455421107E+01  0.0000000000E+00  0.0000000000E+00  0.2385204843E+01 -0.1899933766E+01 -0.4315760132E+01  0.0000000000E+00  0.0000000000E+00  0.0000000000E+00  0.1437200998E+01 -0.8640882800E+00  0.1056530658E+01  0.0000000000E+00  0.0000000000E+00  0.0000000000E+00
3  0.5654206536E-05  0.2030282291E-05  0.1544390771E-05  0.5720201486E-05  0.1504906757E-04  0.9977274862E+00  0.1602473045E+01  0.2342268246E+01 -0.1818531225E+01 -0.4713820168E+01  0.2196035000E+02  0.1584816235E+01 -0.9465526790E+00  0.1025542538E+01  0.9977274862E+00  0.1602473045E+01  0.0000000000E+00  0.0000000000E+00  0.2342268246E+01 -0.1818531225E+01 -0.4713820168E+01  0.0000000000E+00  0.0000000000E+00  0.0000000000E+00  0.1584816235E+01 -0.9465526790E+00  0.1025542538E+01  0.0000000000E+00  0.0000000000E+00  0.0000000000E+00
4  0.4883828800E-05  0.2171438883E-05  0.1582648993E-05  0.4948812207E-05  0.1288922593E-04  0.9441590230E+00  0.1511246087E+01  0.2214213550E+01 -0.1715909289E+01 -0.4426408572E+01  0.2752930000E+02  0.1494538070E+01 -0.8932718445E+00  0.9703901039E+00  0.9441590230E+00  0.1511246087E+01  0.0000000000E+00  0.0000000000E+00  0.2214213550E+01 -0.1715909289E+01 -0.4426408572E+01  0.0000000000E+00  0.0000000000E+00  0.0000000000E+00  0.1494538070E+01 -0.8932718445E+00  0.9703901039E+00  0.0000000000E+00  0.0000000000E+00  0.0000000000E+00
5  0.4455387335E-05  0.2137496764E-05  0.1560098417E-05  0.4666615267E-05  0.1171127995E-04  0.9375083317E+00  0.1400454552E+01  0.2183010502E+01 -0.1713439305E+01 -0.4091636276E+01  0.3308152500E+02  0.1383879480E+01 -0.8307862952E+00  0.9618068467E+00  0.9375083317E+00  0.1400454552E+01  0.0000000000E+00  0.0000000000E+00  0.2183010502E+01 -0.1713439305E+01 -0.4091636276E+01  0.0000000000E+00  0.0000000000E+00  0.0000000000E+00  0.1383879480E+01 -0.8307862952E+00  0.9618068467E+00  0.0000000000E+00  0.0000000000E+00  0.0000000000E+00
6  0.4231354995E-05  0.2210175938E-05  0.1627563278E-05  0.4576773907E-05  0.1104409732E-04  0.9469747489E+00  0.1306238839E+01  0.2192105647E+01 -0.1748833397E+01 -0.3808399666E+01  0.3866747500E+02  0.1289512904E+01 -0.7778024551E+00  0.9696275311E+00  0.9469747489E+00  0.1306238839E+01  0.0000000000E+00  0.0000000000E+00  0.2192105647E+01 -0.1748833397E+01 -0.3808399666E+01  0.0000000000E+00  0.0000000000E+00  0.0000000000E+00  0.1289512904E+01 -0.7778024551E+00  0.9696275311E+00  0.0000000000E+00  0.0000000000E+00  0.0000000000E+00
7  0.4164741164E-05  0.2427890539E-05  0.1785581521E-05  0.4658290348E-05  0.1075543901E-04  0.9489658785E+00  0.1202491377E+01  0.2186200240E+01 -0.1773355632E+01 -0.3498351700E+01  0.4420837500E+02  0.1185746493E+01 -0.7183994455E+00  0.9698077147E+00  0.9489658785E+00  0.1202491377E+01  0.0000000000E+00  0.0000000000E+00  0.2186200240E+01 -0.1773355632E+01 -0.3498351700E+01  0.0000000000E+00  0.0000000000E+00  0.0000000000E+00  0.1185746493E+01 -0.7183994455E+00  0.9698077147E+00  0.0000000000E+00  0.0000000000E+00  0.0000000000E+00
8  0.4179033672E-05  0.2765848540E-05  0.2029820125E-05  0.4843715010E-05  0.1061942419E-04  0.9418448341E+00  0.1079778132E+01  0.2157682451E+01 -0.1780557695E+01 -0.3134412944E+01  0.4933244948E+02  0.1063176218E+01 -0.6471356817E+00  0.9605461134E+00  0.9418448341E+00  0.1079778132E+01  0.0000000000E+00  0.0000000000E+00  0.2157682451E+01 -0.1780557695E+01 -0.3134412944E+01  0.0000000000E+00  0.0000000000E+00  0.0000000000E+00  0.1063176218E+01 -0.6471356817E+00  0.9605461134E+00  0.0000000000E+00  0.0000000000E+00  0.0000000000E+00
9  0.4267765000E-05  0.3148558387E-05  0.2316811179E-05  0.5035923539E-05  0.1061238160E-04  0.9301384825E+00  0.9437413873E+00  0.2115556770E+01 -0.1777249249E+01 -0.2733189486E+01  0.5451845000E+02  0.9273644961E+00 -0.5675243805E+00  0.9464673761E+00  0.9301384825E+00  0.9437413873E+00  0.0000000000E+00  0.0000000000E+00  0.2115556770E+01 -0.1777249249E+01 -0.2733189486E+01  0.0000000000E+00  0.0000000000E+00  0.0000000000E+00  0.9273644961E+00 -0.5675243805E+00  0.9464673761E+00  0.0000000000E+00  0.0000000000E+00  0.0000000000E+00
10  0.4446617179E-05  0.3501112276E-05  0.2600264391E-05  0.5192630774E-05  0.1078554180E-04  0.9143950196E+00  0.8016149623E+00  0.2061294997E+01 -0.1762699098E+01 -0.2315105704E+01  0.5974735000E+02  0.7855344789E+00 -0.4837681915E+00  0.9282458630E+00  0.9143950196E+00  0.8016149623E+00  0.0000000000E+00  0.0000000000E+00  0.2061294997E+01 -0.1762699098E+01 -0.2315105704E+01  0.0000000000E+00  0.0000000000E+00  0.0000000000E+00  0.7855344789E+00 -0.4837681915E+00  0.9282458630E+00  0.0000000000E+00  0.0000000000E+00  0.0000000000E+00
11  0.4746690430E-05  0.3801510223E-05  0.2858249738E-05  0.5339063648E-05  0.1125608262E-04  0.8923692866E+00  0.6588245344E+00  0.1990281181E+01 -0.1730499431E+01 -0.1894534462E+01  0.6478832500E+02  0.6431502008E+00 -0.3988240575E+00  0.9037314480E+00  0.8923692866E+00  0.6588245344E+00  0.0000000000E+00  0.0000000000E+00  0.1990281181E+01 -0.1730499431E+01 -0.1894534462E+01  0.0000000000E+00  0.0000000000E+00  0.0000000000E+00  0.6431502008E+00 -0.3988240575E+00  0.9037314480E+00  0.0000000000E+00  0.0000000000E+00  0.0000000000E+00
12  0.5166319273E-05  0.4096101948E-05  0.3099519328E-05  0.5534957327E-05  0.1206733349E-04  0.8614591389E+00  0.5200090537E+00  0.1897169011E+01 -0.1673759428E+01 -0.1483252174E+01  0.7033432500E+02  0.5048953188E+00 -0.3150722764E+00  0.8704033438E+00  0.8614591389E+00  0.5200090537E+00  0.0000000000E+00  0.0000000000E+00  0.1897169011E+01 -0.1673759428E+01 -0.1483252174E+01  0.0000000000E+00  0.0000000000E+00  0.0000000000E+00  0.5048953188E+00 -0.3150722764E+00  0.8704033438E+00  0.0000000000E+00  0.0000000000E+00  0.0000000000E+00
13  0.5639815424E-05  0.4431852505E-05  0.3342057732E-05  0.5790275593E-05  0.1307008671E-04  0.8196333026E+00  0.3895975589E+00  0.1778341772E+01 -0.1587354562E+01 -0.1092456538E+01  0.7570240000E+02  0.3752336477E+00 -0.2347362299E+00  0.8263078834E+00  0.8196333026E+00  0.3895975589E+00  0.0000000000E+00  0.0000000000E+00  0.1778341772E+01 -0.1587354562E+01 -0.1092456538E+01  0.0000000000E+00  0.0000000000E+00  0.0000000000E+00  0.3752336477E+00 -0.2347362299E+00  0.8263078834E+00  0.0000000000E+00  0.0000000000E+00  0.0000000000E+00
14  0.6078172057E-05  0.4774227318E-05  0.3597766145E-05  0.6015952650E-05  0.1402031347E-04  0.7659703698E+00  0.2716343205E+00  0.1633021083E+01 -0.1468982238E+01 -0.7322767796E+00  0.8106932500E+02  0.2582249230E+00 -0.1598271205E+00  0.7705943813E+00  0.7659703698E+00  0.2716343205E+00  0.0000000000E+00  0.0000000000E+00  0.1633021083E+01 -0.1468982238E+01 -0.7322767796E+00  0.0000000000E+00  0.0000000000E+00  0.0000000000E+00  0.2582249230E+00 -0.1598271205E+00  0.7705943813E+00  0.0000000000E+00  0.0000000000E+00  0.0000000000E+00
15  0.6456350743E-05  0.5034819192E-05  0.3888350065E-05  0.6085431998E-05  0.1484123585E-04  0.7016689963E+00  0.1697946692E+00  0.1465187684E+01 -0.1321497903E+01 -0.4120997185E+00  0.8652330000E+02  0.1575229961E+00 -0.9229497604E-01  0.7045254543E+00  0.7016689963E+00  0.1697946692E+00  0.0000000000E+00  0.0000000000E+00  0.1465187684E+01 -0.1321497903E+01 -0.4120997185E+00  0.0000000000E+00  0.0000000000E+00  0.0000000000E+00  0.1575229961E+00 -0.9229497604E-01  0.7045254543E+00  0.0000000000E+00  0.0000000000E+00  0.0000000000E+00
16  0.6730352868E-05  0.5143121366E-05  0.4248941165E-05  0.5971063575E-05  0.1540402187E-04  0.6293234091E+00  0.8746018170E-01  0.1281684527E+01 -0.1150160971E+01 -0.1409094185E+00  0.9193532500E+02  0.7646365317E-01 -0.3411448793E-01  0.6307539507E+00  0.6293234091E+00  0.8746018170E-01  0.0000000000E+00  0.0000000000E+00  0.1281684527E+01 -0.1150160971E+01 -0.1409094185E+00  0.0000000000E+00  0.0000000000E+00  0.0000000000E+00  0.7646365317E-01 -0.3411448793E-01  0.6307539507E+00  0.0000000000E+00  0.0000000000E+00  0.0000000000E+00
17  0.7018547353E-05  0.5173498610E-05  0.4679859581E-05  0.5830002601E-05  0.1605636198E-04  0.5557305076E+00  0.2678618671E-01  0.1097503692E+01 -0.9690028348E+00  0.7403211592E-01  0.9736052500E+02  0.1708327236E-01  0.1281009885E-01  0.5561133506E+00  0.5557305076E+00  0.2678618671E-01  0.0000000000E+00  0.0000000000E+00  0.1097503692E+01 -0.9690028348E+00  0.7403211592E-01  0.0000000000E+00  0.0000000000E+00  0.0000000000E+00  0.1708327236E-01  0.1281009885E-01  0.5561133506E+00  0.0000000000E+00  0.0000000000E+00  0.0000000000E+00
18  0.7308131098E-05  0.5222720175E-05  0.5127032510E-05  0.5909472979E-05  0.1673059426E-04  0.4870756123E+00 -0.1191033553E-01  0.9261558893E+00 -0.7923225063E+00  0.2289841599E+00  0.1028375250E+03 -0.2040916308E-01  0.4728120358E-01  0.4867935643E+00  0.4870756123E+00 -0.1191033553E-01  0.0000000000E+00  0.0000000000E+00  0.9261558893E+00 -0.7923225063E+00  0.2289841599E+00  0.0000000000E+00  0.0000000000E+00  0.0000000000E+00 -0.2040916308E-01  0.4728120358E-01  0.4867935643E+00  0.0000000000E+00  0.0000000000E+00  0.0000000000E+00
19  0.7573169501E-05  0.5351390880E-05  0.5522089309E-05  0.6278418348E-05  0.1729030486E-04  0.4292946458E+00 -0.3093923258E-01  0.7809211426E+00 -0.6347013423E+00  0.3254853579E+00  0.1082593250E+03 -0.3842674503E-01  0.6917169926E-01  0.4286892981E+00  0.4292946458E+00 -0.3093923258E-01  0.0000000000E+00  0.0000000000E+00  0.7809211426E+00 -0.6347013423E+00  0.3254853579E+00  0.0000000000E+00  0.0000000000E+00  0.0000000000E+00 -0.3842674503E-01  0.6917169926E-01  0.4286892981E+00  0.0000000000E+00  0.0000000000E+00  0.0000000000E+00
20  0.7789934206E-05  0.5535821347E-05  0.5792418371E-05  0.6717016081E-05  0.1763301491E-04  0.3866959474E+00 -0.3558219609E-01  0.6715144734E+00 -0.5084860412E+00  0.3721272540E+00  0.1136368750E+03 -0.4232555159E-01  0.7980372094E-01  0.3860160568E+00  0.3866959474E+00 -0.3558219609E-01  0.0000000000E+00  0.0000000000E+00  0.6715144734E+00 -0.5084860412E+00  0.3721272540E+00  0.0000000000E+00  0.0000000000E+00  0.0000000000E+00 -0.4232555159E-01  0.7980372094E-01  0.3860160568E+00  0.0000000000E+00  0.0000000000E+00  0.0000000000E+00
21  0.7993021638E-05  0.5764111021E-05  0.5851487764E-05  0.6950107524E-05  0.1791547748E-04  0.3610244854E+00 -0.3310915905E-01  0.6028890389E+00 -0.4218201225E+00  0.3830763844E+00  0.1190093250E+03 -0.3940486242E-01  0.8172819840E-01  0.3603916651E+00  0.3610244854E+00 -0.3310915905E-01  0.0000000000E+00  0.0000000000E+00  0.6028890389E+00 -0.4218201225E+00  0.3830763844E+00  0.0000000000E+00  0.0000000000E+00  0.0000000000E+00 -0.3940486242E-01  0.8172819840E-01  0.3603916651E+00  0.0000000000E+00  0.0000000000E+00  0.0000000000E+00
22  0.8266112765E-05  0.6138149792E-05  0.5702813854E-05  0.6926235289E-05  0.1852285809E-04  0.3521630495E+00 -0.3081181704E-01  0.5770437979E+00 -0.3794674807E+00  0.3740618646E+00  0.1242954000E+03 -0.3695321693E-01  0.7792345149E-01  0.3515716730E+00  0.3521630495E+00 -0.3081181704E-01  0.0000000000E+00  0.0000000000E+00  0.5770437979E+00 -0.3794674807E+00  0.3740618646E+00  0.0000000000E+00  0.0000000000E+00  0.0000000000E+00 -0.3695321693E-01  0.7792345149E-01  0.3515716730E+00  0.0000000000E+00  0.0000000000E+00  0.0000000000E+00
23  0.8633189441E-05  0.6780788221E-05  0.5663464159E-05  0.6892375036E-05  0.1961129841E-04  0.3582855025E+00 -0.3378531547E-01  0.5933631892E+00 -0.3821357235E+00  0.3575476805E+00  0.1296721250E+03 -0.4003311401E-01  0.7092214543E-01  0.3576412988E+00  0.3582855025E+00 -0.3378531547E-01  0.0000000000E+00  0.0000000000E+00  0.5933631892E+00 -0.3821357235E+00  0.3575476805E+00  0.0000000000E+00  0.0000000000E+00  0.0000000000E+00 -0.4003311401E-01  0.7092214543E-01  0.3576412988E+00  0.0000000000E+00  0.0000000000E+00  0.0000000000E+00
24  0.8991553875E-05  0.7566236694E-05  0.6260617982E-05  0.7166047240E-05  0.2075869215E-04  0.3770702788E+00 -0.4358316400E-01  0.6495595458E+00 -0.4276864027E+00  0.3396942818E+00  0.1352583250E+03 -0.5015730983E-01  0.6222594963E-01  0.3762522181E+00  0.3770702788E+00 -0.4358316400E-01  0.0000000000E+00  0.0000000000E+00  0.6495595458E+00 -0.4276864027E+00  0.3396942818E+00  0.0000000000E+00  0.0000000000E+00  0.0000000000E+00 -0.5015730983E-01  0.6222594963E-01  0.3762522181E+00  0.0000000000E+00  0.0000000000E+00  0.0000000000E+00
25  0.9214613473E-05  0.8139485547E-05  0.7474318736E-05  0.7726265540E-05  0.2135223132E-04  0.4059409672E+00 -0.5789245044E-01  0.7423065909E+00 -0.5108860793E+00  0.3194802459E+00  0.1408404750E+03 -0.6496827989E-01  0.5220655484E-01  0.4048687778E+00  0.4059409672E+00 -0.5789245044E-01  0.0000000000E+00  0.0000000000E+00  0.7423065909E+00 -0.5108860793E+00  0.3194802459E+00  0.0000000000E+00  0.0000000000E+00  0.0000000000E+00 -0.6496827989E-01  0.5220655484E-01  0.4048687778E+00  0.0000000000E+00  0.0000000000E+00  0.0000000000E+00
26  0.9306831999E-05  0.8217139058E-05  0.8652284821E-05  0.8217948623E-05  0.2125480151E-04  0.4401829022E+00 -0.7195645287E-01  0.8580205839E+00 -0.6175104548E+00  0.2924424482E+00  0.1464543750E+03 -0.7962774447E-01  0.4082202168E-01  0.4388600470E+00  0.4401829022E+00 -0.7195645287E-01  0.0000000000E+00  0.0000000000E+00  0.8580205839E+00 -0.6175104548E+00  0.2924424482E+00  0.0000000000E+00  0.0000000000E+00  0.0000000000E+00 -0.7962774447E-01  0.4082202168E-01  0.4388600470E+00  0.0000000000E+00  0.0000000000E+00  0.0000000000E+00
27  0.9378619376E-05  0.7856025845E-05  0.9249439534E-05  0.8347774415E-05  0.2091991207E-04  0.4760003456E+00 -0.8041869853E-01  0.9829889882E+00 -0.7328449481E+00  0.2534260407E+00  0.1520338000E+03 -0.8871380187E-01  0.2782500688E-01  0.4745243487E+00  0.4760003456E+00 -0.8041869853E-01  0.0000000000E+00  0.0000000000E+00  0.9829889882E+00 -0.7328449481E+00  0.2534260407E+00  0.0000000000E+00  0.0000000000E+00  0.0000000000E+00 -0.8871380187E-01  0.2782500688E-01  0.4745243487E+00  0.0000000000E+00  0.0000000000E+00  0.0000000000E+00
28  0.9459933703E-05  0.7424923712E-05  0.9206747235E-05  0.8111990660E-05  0.2077668340E-04  0.5109066997E+00 -0.7945926906E-01  0.1104195654E+01 -0.8443312660E+00  0.2002438046E+00  0.1575954500E+03 -0.8836371841E-01  0.1328008686E-01  0.5094421307E+00  0.5109066997E+00 -0.7945926906E-01  0.0000000000E+00  0.0000000000E+00  0.1104195654E+01 -0.8443312660E+00  0.2002438046E+00  0.0000000000E+00  0.0000000000E+00  0.0000000000E+00 -0.8836371841E-01  0.1328008686E-01  0.5094421307E+00  0.0000000000E+00  0.0000000000E+00  0.0000000000E+00
29  0.9452645420E-05  0.7345401303E-05  0.8860858676E-05  0.7730780237E-05  0.2077807200E-04  0.5426778920E+00 -0.6789387884E-01  0.1208883869E+01 -0.9408435499E+00  0.1348397619E+00  0.1630345000E+03 -0.7735457341E-01 -0.2245752767E-02  0.5414103279E+00  0.5426778920E+00 -0.6789387884E-01  0.0000000000E+00  0.0000000000E+00  0.1208883869E+01 -0.9408435499E+00  0.1348397619E+00  0.0000000000E+00  0.0000000000E+00  0.0000000000E+00 -0.7735457341E-01 -0.2245752767E-02  0.5414103279E+00  0.0000000000E+00  0.0000000000E+00  0.0000000000E+00
30  0.9246122198E-05  0.7603884699E-05  0.8544334300E-05  0.7396651584E-05  0.2053138605E-04  0.5702271539E+00 -0.4737480892E-01  0.1289429829E+01 -0.1015972772E+01  0.6278187237E-01  0.1683653250E+03 -0.5731942956E-01 -0.1781179427E-01  0.5693135012E+00  0.5702271539E+00 -0.4737480892E-01  0.0000000000E+00  0.0000000000E+00  0.1289429829E+01 -0.1015972772E+01  0.6278187237E-01  0.0000000000E+00  0.0000000000E+00  0.0000000000E+00 -0.5731942956E-01 -0.1781179427E-01  0.5693135012E+00  0.0000000000E+00  0.0000000000E+00  0.0000000000E+00
31  0.8879152076E-05  0.7830044547E-05  0.8219135484E-05  0.7120267643E-05  0.1995355261E-04  0.5928683728E+00 -0.2154057171E-01  0.1343104824E+01 -0.1067461163E+01 -0.8712090714E-02  0.1736964000E+03 -0.3188427078E-01 -0.3227595639E-01  0.5924021413E+00  0.5928683728E+00 -0.2154057171E-01  0.0000000000E+00  0.0000000000E+00  0.1343104824E+01 -0.1067461163E+01 -0.8712090714E-02  0.0000000000E+00  0.0000000000E+00  0.0000000000E+00 -0.3188427078E-01 -0.3227595639E-01  0.5924021413E+00  0.0000000000E+00  0.0000000000E+00  0.0000000000E+00
32  0.8519059267E-05  0.7749739720E-05  0.7739226112E-05  0.6808536096E-05  0.1938802245E-04  0.6098163693E+00  0.5156923642E-02  0.1371121658E+01 -0.1095514468E+01 -0.7234358165E-01  0.1790325750E+03 -0.5486624912E-02 -0.4447999144E-01  0.6098134920E+00  0.6098163693E+00  0.5156923642E-02  0.0000000000E+00  0.0000000000E+00  0.1371121658E+01 -0.1095514468E+01 -0.7234358165E-01  0.0000000000E+00  0.0000000000E+00  0.0000000000E+00 -0.5486624912E-02 -0.4447999144E-01  0.6098134920E+00  0.0000000000E+00  0.0000000000E+00  0.0000000000E+00
33  0.8261066201E-05  0.7395785123E-05  0.7259998857E-05  0.6510602738E-05  0.1896842496E-04  0.6199011057E+00  0.2870694542E-01  0.1376411660E+01 -0.1101532333E+01 -0.1223091969E+00  0.1843613000E+03  0.1788380716E-01 -0.5344106383E-01  0.6203076970E+00  0.6199011057E+00  0.2870694542E-01  0.0000000000E+00  0.0000000000E+00  0.1376411660E+01 -0.1101532333E+01 -0.1223091969E+00  0.0000000000E+00  0.0000000000E+00  0.0000000000E+00  0.1788380716E-01 -0.5344106383E-01  0.6203076970E+00  0.0000000000E+00  0.0000000000E+00  0.0000000000E+00
34  0.8083368324E-05  0.7018561600E-05  0.7201403775E-05  0.6402800128E-05  0.1853553397E-04  0.6221454587E+00  0.4637166546E-01  0.1362814492E+01 -0.1087730067E+01 -0.1549562017E+00  0.1896804000E+03  0.3550666742E-01 -0.5854041493E-01  0.6228600001E+00  0.6221454587E+00  0.4637166546E-01  0.0000000000E+00  0.0000000000E+00  0.1362814492E+01 -0.1087730067E+01 -0.1549562017E+00  0.0000000000E+00  0.0000000000E+00  0.0000000000E+00  0.3550666742E-01 -0.5854041493E-01  0.6228600001E+00  0.0000000000E+00  0.0000000000E+00  0.0000000000E+00
35  0.7881136923E-05  0.6833845566E-05  0.7714184258E-05  0.6650944067E-05  0.1773306445E-04  0.6163880000E+00  0.5709008976E-01  0.1334474654E+01 -0.1057566291E+01 -0.1691423970E+00  0.1952713250E+03  0.4632394076E-01 -0.5964090634E-01  0.6172904806E+00  0.6163880000E+00  0.5709008976E-01  0.0000000000E+00  0.0000000000E+00  0.1334474654E+01 -0.1057566291E+01 -0.1691423970E+00  0.0000000000E+00  0.0000000000E+00  0.0000000000E+00  0.4632394076E-01 -0.5964090634E-01  0.6172904806E+00  0.0000000000E+00  0.0000000000E+00  0.0000000000E+00
36  0.7592350535E-05  0.6968781902E-05  0.8398060413E-05  0.7103587414E-05  0.1660751022E-04  0.6039337230E+00  0.6119244559E-01  0.1296045955E+01 -0.1016237110E+01 -0.1656255787E+00  0.2008594250E+03  0.5064302889E-01 -0.5708491056E-01  0.6049096964E+00  0.6039337230E+00  0.6119244559E-01  0.0000000000E+00  0.0000000000E+00  0.1296045955E+01 -0.1016237110E+01 -0.1656255787E+00  0.0000000000E+00  0.0000000000E+00  0.0000000000E+00  0.5064302889E-01 -0.5708491056E-01  0.6049096964E+00  0.0000000000E+00  0.0000000000E+00  0.0000000000E+00
37  0.7207114982E-05  0.7081713830E-05  0.8691730096E-05  0.7388028713E-05  0.1541573978E-04  0.5879756742E+00  0.6018095618E-01  0.1254211758E+01 -0.9714355971E+00 -0.1475213735E+00  0.2064643750E+03  0.4991019989E-01 -0.5174808176E-01  0.5889364252E+00  0.5879756742E+00  0.6018095618E-01  0.0000000000E+00  0.0000000000E+00  0.1254211758E+01 -0.9714355971E+00 -0.1475213735E+00  0.0000000000E+00  0.0000000000E+00  0.0000000000E+00  0.4991019989E-01 -0.5174808176E-01  0.5889364252E+00  0.0000000000E+00  0.0000000000E+00  0.0000000000E+00
38  0.6745719356E-05  0.6963177281E-05  0.8298722089E-05  0.7180834137E-05  0.1453482851E-04  0.5723686935E+00  0.5597557854E-01  0.1215530244E+01 -0.9312241397E+00 -0.1192400733E+00  0.2120463750E+03  0.4597784211E-01 -0.4476857028E-01  0.5732584275E+00  0.5723686935E+00  0.5597557854E-01  0.0000000000E+00  0.0000000000E+00  0.1215530244E+01 -0.9312241397E+00 -0.1192400733E+00  0.0000000000E+00  0.0000000000E+00  0.0000000000E+00  0.4597784211E-01 -0.4476857028E-01  0.5732584275E+00  0.0000000000E+00  0.0000000000E+00  0.0000000000E+00
39  0.6254515871E-05  0.6559079085E-05  0.7269345039E-05  0.6420357485E-05  0.1407399483E-04  0.5603860312E+00  0.5052614102E-01  0.1185164702E+01 -0.9017809258E+00 -0.8626817922E-01  0.2173913750E+03  0.4073836087E-01 -0.3737369486E-01  0.5611824844E+00  0.5603860312E+00  0.5052614102E-01  0.0000000000E+00  0.0000000000E+00  0.1185164702E+01 -0.9017809258E+00 -0.8626817922E-01  0.0000000000E+00  0.0000000000E+00  0.0000000000E+00  0.4073836087E-01 -0.3737369486E-01  0.5611824844E+00  0.0000000000E+00  0.0000000000E+00  0.0000000000E+00
40  0.5751523039E-05  0.6106572122E-05  0.6024684924E-05  0.5338442269E-05  0.1373058043E-04  0.5544250654E+00  0.4540308002E-01  0.1167288345E+01 -0.8872923410E+00 -0.5442974884E-01  0.2226097750E+03  0.3572011333E-01 -0.3070334672E-01  0.5551330168E+00  0.5544250654E+00  0.4540308002E-01  0.0000000000E+00  0.0000000000E+00  0.1167288345E+01 -0.8872923410E+00 -0.5442974884E-01  0.0000000000E+00  0.0000000000E+00  0.0000000000E+00  0.3572011333E-01 -0.3070334672E-01  0.5551330168E+00  0.0000000000E+00  0.0000000000E+00  0.0000000000E+00
41  0.5189290947E-05  0.5785911416E-05  0.5130928853E-05  0.4411523724E-05  0.1288124373E-04  0.5551932935E+00  0.4163611222E-01  0.1163526753E+01 -0.8885552403E+00 -0.2889534704E-01  0.2277383000E+03  0.3194031183E-01 -0.2559646924E-01  0.5558353852E+00  0.5551932935E+00  0.4163611222E-01  0.0000000000E+00  0.0000000000E+00  0.1163526753E+01 -0.8885552403E+00 -0.2889534704E-01  0.0000000000E+00  0.0000000000E+00  0.0000000000E+00  0.3194031183E-01 -0.2559646924E-01  0.5558353852E+00  0.0000000000E+00  0.0000000000E+00  0.0000000000E+00
42  0.4652984563E-05  0.5652631888E-05  0.5055986556E-05  0.4090126004E-05  0.1156227761E-04  0.5621110538E+00  0.3961696440E-01  0.1173514137E+01 -0.9037562498E+00 -0.1315486565E-01  0.2326993250E+03  0.2980073997E-01 -0.2250274187E-01  0.5627168529E+00  0.5621110538E+00  0.3961696440E-01  0.0000000000E+00  0.0000000000E+00  0.1173514137E+01 -0.9037562498E+00 -0.1315486565E-01  0.0000000000E+00  0.0000000000E+00  0.0000000000E+00  0.2980073997E-01 -0.2250274187E-01  0.5627168529E+00  0.0000000000E+00  0.0000000000E+00  0.0000000000E+00
43  0.4188962499E-05  0.5627356982E-05  0.5428533067E-05  0.4305996567E-05  0.1001881508E-04  0.5736811512E+00  0.3921069255E-01  0.1195108150E+01 -0.9291899966E+00 -0.8436540722E-02  0.2381994000E+03  0.2919260396E-01 -0.2146348355E-01  0.5742780978E+00  0.5736811512E+00  0.3921069255E-01  0.0000000000E+00  0.0000000000E+00  0.1195108150E+01 -0.9291899966E+00 -0.8436540722E-02  0.0000000000E+00  0.0000000000E+00  0.0000000000E+00  0.2919260396E-01 -0.2146348355E-01  0.5742780978E+00  0.0000000000E+00  0.0000000000E+00  0.0000000000E+00
44  0.3828605395E-05  0.5482005044E-05  0.5689453450E-05  0.4577128250E-05  0.8703591642E-05  0.5880570235E+00  0.3978355743E-01  0.1224965069E+01 -0.9604604051E+00 -0.1328531915E-01  0.2437494750E+03  0.2951448802E-01 -0.2214873265E-01  0.5886617784E+00  0.5880570235E+00  0.3978355743E-01  0.0000000000E+00  0.0000000000E+00  0.1224965069E+01 -0.9604604051E+00 -0.1328531915E-01  0.0000000000E+00  0.0000000000E+00  0.0000000000E+00  0.2951448802E-01 -0.2214873265E-01  0.5886617784E+00  0.0000000000E+00  0.0000000000E+00  0.0000000000E+00
45  0.3532187702E-05  0.5189877280E-05  0.5588636502E-05  0.4548828635E-05  0.7897709780E-05  0.6032498668E+00  0.4036555616E-01  0.1258732976E+01 -0.9928727417E+00 -0.2396063414E-01  0.2493644750E+03  0.2983124643E-01 -0.2394110248E-01  0.6038624650E+00  0.6032498668E+00  0.4036555616E-01  0.0000000000E+00  0.0000000000E+00  0.1258732976E+01 -0.9928727417E+00 -0.2396063414E-01  0.0000000000E+00  0.0000000000E+00  0.0000000000E+00  0.2983124643E-01 -0.2394110248E-01  0.6038624650E+00  0.0000000000E+00  0.0000000000E+00  0.0000000000E+00
46  0.3236818170E-05  0.4739363735E-05  0.5142154009E-05  0.4174419554E-05  0.7442928950E-05  0.6173817168E+00  0.3985341101E-01  0.1291601864E+01 -0.1022044450E+01 -0.3545657542E-01  0.2549314750E+03  0.2907254449E-01 -0.2608987900E-01  0.6179832245E+00  0.6173817168E+00  0.3985341101E-01  0.0000000000E+00  0.0000000000E+00  0.1291601864E+01 -0.1022044450E+01 -0.3545657542E-01  0.0000000000E+00  0.0000000000E+00  0.0000000000E+00  0.2907254449E-01 -0.2608987900E-01  0.6179832245E+00  0.0000000000E+00  0.0000000000E+00  0.0000000000E+00
47  0.2913332705E-05  0.4314600102E-05  0.4498262042E-05  0.3558297428E-05  0.7097255676E-05  0.6286378826E+00  0.3733134987E-01  0.1318637097E+01 -0.1043962820E+01 -0.4284672283E-01  0.2602653750E+03  0.2635442030E-01 -0.2786416914E-01  0.6291936599E+00  0.6286378826E+00  0.3733134987E-01  0.0000000000E+00  0.0000000000E+00  0.1318637097E+01 -0.1043962820E+01 -0.4284672283E-01  0.0000000000E+00  0.0000000000E+00  0.0000000000E+00  0.2635442030E-01 -0.2786416914E-01  0.6291936599E+00  0.0000000000E+00  0.0000000000E+00  0.0000000000E+00
48  0.2541225102E-05  0.4014335208E-05  0.3913315744E-05  0.2857400558E-05  0.6583364149E-05  0.6355872719E+00  0.3232696718E-01  0.1335872315E+01 -0.1055720564E+01 -0.4259105928E-01  0.2653404750E+03  0.2122951623E-01 -0.2872148906E-01  0.6360546523E+00  0.6355872719E+00  0.3232696718E-01  0.0000000000E+00  0.0000000000E+00  0.1335872315E+01 -0.1055720564E+01 -0.4259105928E-01  0.0000000000E+00  0.0000000000E+00  0.0000000000E+00  0.2122951623E-01 -0.2872148906E-01  0.6360546523E+00  0.0000000000E+00  0.0000000000E+00  0.0000000000E+00
49  0.2173307007E-05  0.3850078726E-05  0.3509907122E-05  0.2332902025E-05  0.5886183367E-05  0.6372999213E+00  0.2505466991E-01  0.1340886527E+01 -0.1055852258E+01 -0.3353134604E-01  0.2702123750E+03  0.1392843671E-01 -0.2841736487E-01  0.6376401217E+00  0.6372999213E+00  0.2505466991E-01  0.0000000000E+00  0.0000000000E+00  0.1340886527E+01 -0.1055852258E+01 -0.3353134604E-01  0.0000000000E+00  0.0000000000E+00  0.0000000000E+00  0.1392843671E-01 -0.2841736487E-01  0.6376401217E+00  0.0000000000E+00  0.0000000000E+00  0.0000000000E+00
50  0.1859564542E-05  0.3761824611E-05  0.3338058155E-05  0.2069138688E-05  0.5122816832E-05  0.6338146125E+00  0.1642143363E-01  0.1333887490E+01 -0.1045103397E+01 -0.1716812456E-01  0.2751893250E+03  0.5357342344E-02 -0.2707979232E-01  0.6340046730E+00  0.6338146125E+00  0.1642143363E-01  0.0000000000E+00  0.0000000000E+00  0.1333887490E+01 -0.1045103397E+01 -0.1716812456E-01  0.0000000000E+00  0.0000000000E+00  0.0000000000E+00  0.5357342344E-02 -0.2707979232E-01  0.6340046730E+00  0.0000000000E+00  0.0000000000E+00  0.0000000000E+00
51  0.1660199795E-05  0.3574474347E-05  0.3296769519E-05  0.2046081235E-05  0.4435762697E-05  0.6260911853E+00  0.7895151306E-02  0.1317427403E+01 -0.1026264026E+01  0.2687405148E-02  0.2804433750E+03 -0.3032848996E-02 -0.2515071989E-01  0.6261336180E+00  0.6260911853E+00  0.7895151306E-02  0.0000000000E+00  0.0000000000E+00  0.1317427403E+01 -0.1026264026E+01  0.2687405148E-02  0.0000000000E+00  0.0000000000E+00  0.0000000000E+00 -0.3032848996E-02 -0.2515071989E-01  0.6261336180E+00  0.0000000000E+00  0.0000000000E+00  0.0000000000E+00
52  0.1547860879E-05  0.3430356072E-05  0.3246069006E-05  0.2108642640E-05  0.4002731622E-05  0.6159375423E+00  0.1119546277E-02  0.1296022603E+01 -0.1003659207E+01  0.2108061520E-01  0.2857383750E+03 -0.9630216563E-02 -0.2325822842E-01  0.6158632708E+00  0.6159375423E+00  0.1119546277E-02  0.0000000000E+00  0.0000000000E+00  0.1296022603E+01 -0.1003659207E+01  0.2108061520E-01  0.0000000000E+00  0.0000000000E+00  0.0000000000E+00 -0.9630216563E-02 -0.2325822842E-01  0.6158632708E+00  0.0000000000E+00  0.0000000000E+00  0.0000000000E+00
53  0.1492445636E-05  0.3241017514E-05  0.3168354005E-05  0.2134714787E-05  0.3794177400E-05  0.6054675519E+00 -0.2453949442E-02  0.1274751493E+01 -0.9819748624E+00  0.3308831943E-01  0.2910264750E+03 -0.1302044149E-01 -0.2202947339E-01  0.6053325090E+00  0.6054675519E+00 -0.2453949442E-02  0.0000000000E+00  0.0000000000E+00  0.1274751493E+01 -0.9819748624E+00  0.3308831943E-01  0.0000000000E+00  0.0000000000E+00  0.0000000000E+00 -0.1302044149E-01 -0.2202947339E-01  0.6053325090E+00  0.0000000000E+00  0.0000000000E+00  0.0000000000E+00
54  0.1413544293E-05  0.3028866607E-05  0.3040778423E-05  0.2045520138E-05  0.3634999367E-05  0.5966463287E+00 -0.1933556604E-02  0.1258106218E+01 -0.9652242288E+00  0.3513098447E-01  0.2962552750E+03 -0.1234617634E-01 -0.2192278755E-01  0.5965217114E+00  0.5966463287E+00 -0.1933556604E-02  0.0000000000E+00  0.0000000000E+00  0.1258106218E+01 -0.9652242288E+00  0.3513098447E-01  0.0000000000E+00  0.0000000000E+00  0.0000000000E+00 -0.1234617634E-01 -0.2192278755E-01  0.5965217114E+00  0.0000000000E+00  0.0000000000E+00  0.0000000000E+00
55  0.1289462449E-05  0.2785032426E-05  0.2839958085E-05  0.1863405965E-05  0.3396418784E-05  0.5908791908E+00  0.2701513953E-02  0.1248984725E+01 -0.9558648286E+00  0.2613517018E-01  0.3011178250E+03 -0.7611161294E-02 -0.2306698034E-01  0.5908363449E+00  0.5908791908E+00  0.2701513953E-02  0.0000000000E+00  0.0000000000E+00  0.1248984725E+01 -0.9558648286E+00  0.2613517018E-01  0.0000000000E+00  0.0000000000E+00  0.0000000000E+00 -0.7611161294E-02 -0.2306698034E-01  0.5908363449E+00  0.0000000000E+00  0.0000000000E+00  0.0000000000E+00
56  0.1155671596E-05  0.2547595449E-05  0.2588674599E-05  0.1608440016E-05  0.3148654273E-05  0.5885887968E+00  0.1079857763E-01  0.1247909652E+01 -0.9542683046E+00  0.7373133677E-02  0.3064623750E+03  0.5246420514E-03 -0.2530483071E-01  0.5886876131E+00  0.5885887968E+00  0.1079857763E-01  0.0000000000E+00  0.0000000000E+00  0.1247909652E+01 -0.9542683046E+00  0.7373133677E-02  0.0000000000E+00  0.0000000000E+00  0.0000000000E+00  0.5246420514E-03 -0.2530483071E-01  0.5886876131E+00  0.0000000000E+00  0.0000000000E+00  0.0000000000E+00
57  0.1015895199E-05  0.2383967022E-05  0.2342285739E-05  0.1354488117E-05  0.2908257559E-05  0.5897035498E+00  0.2079447107E-01  0.1253989535E+01 -0.9595483002E+00 -0.1702419314E-01  0.3120379500E+03  0.1049955794E-01 -0.2812425564E-01  0.5899766487E+00  0.5897035498E+00  0.2079447107E-01  0.0000000000E+00  0.0000000000E+00  0.1253989535E+01 -0.9595483002E+00 -0.1702419314E-01  0.0000000000E+00  0.0000000000E+00  0.0000000000E+00  0.1049955794E-01 -0.2812425564E-01  0.5899766487E+00  0.0000000000E+00  0.0000000000E+00  0.0000000000E+00
58  0.8847041627E-06  0.2229588399E-05  0.2139692745E-05  0.1162676800E-05  0.2619077025E-05  0.5935773274E+00  0.3109875188E-01  0.1265076964E+01 -0.9699300820E+00 -0.4239049378E-01  0.3172064750E+03  0.2073466262E-01 -0.3097630584E-01  0.5940296708E+00  0.5935773274E+00  0.3109875188E-01  0.0000000000E+00  0.0000000000E+00  0.1265076964E+01 -0.9699300820E+00 -0.4239049378E-01  0.0000000000E+00  0.0000000000E+00  0.0000000000E+00  0.2073466262E-01 -0.3097630584E-01  0.5940296708E+00  0.0000000000E+00  0.0000000000E+00  0.0000000000E+00
59  0.8107797522E-06  0.2110654679E-05  0.2002975936E-05  0.1074868819E-05  0.2411205735E-05  0.5992451340E+00  0.3971763426E-01  0.1278348803E+01 -0.9829527466E+00 -0.6293014180E-01  0.3226135729E+03  0.2925331544E-01 -0.3318783379E-01  0.5998470344E+00  0.5992451340E+00  0.3971763426E-01  0.0000000000E+00  0.0000000000E+00  0.1278348803E+01 -0.9829527466E+00 -0.6293014180E-01  0.0000000000E+00  0.0000000000E+00  0.0000000000E+00  0.2925331544E-01 -0.3318783379E-01  0.5998470344E+00  0.0000000000E+00  0.0000000000E+00  0.0000000000E+00
60  0.7498698674E-06  0.2008142872E-05  0.1922549178E-05  0.1081209367E-05  0.2193443127E-05  0.6058457306E+00  0.4538179073E-01  0.1291495581E+01 -0.9967620179E+00 -0.7487814810E-01  0.3279423000E+03  0.3480141294E-01 -0.3435575793E-01  0.6065454788E+00  0.6058457306E+00  0.4538179073E-01  0.0000000000E+00  0.0000000000E+00  0.1291495581E+01 -0.9967620179E+00 -0.7487814810E-01  0.0000000000E+00  0.0000000000E+00  0.0000000000E+00  0.3480141294E-01 -0.3435575793E-01  0.6065454788E+00  0.0000000000E+00  0.0000000000E+00  0.0000000000E+00
61  0.7160362358E-06  0.1882489381E-05  0.1860615816E-05  0.1114284099E-05  0.2017110230E-05  0.6123738844E+00  0.4709511800E-01  0.1302363647E+01 -0.1009265791E+01 -0.7568236624E-01  0.3329383750E+03  0.3640054726E-01 -0.3422294385E-01  0.6131025401E+00  0.6123738844E+00  0.4709511800E-01  0.0000000000E+00  0.0000000000E+00  0.1302363647E+01 -0.1009265791E+01 -0.7568236624E-01  0.0000000000E+00  0.0000000000E+00  0.0000000000E+00  0.3640054726E-01 -0.3422294385E-01  0.6131025401E+00  0.0000000000E+00  0.0000000000E+00  0.0000000000E+00
62  0.6954525051E-06  0.1761410487E-05  0.1788619511E-05  0.1108909029E-05  0.1906426923E-05  0.6182493079E+00  0.4482152079E-01  0.1310023283E+01 -0.1019492577E+01 -0.6574696097E-01  0.3378498750E+03  0.3402475606E-01 -0.3288115085E-01  0.6189373889E+00  0.6182493079E+00  0.4482152079E-01  0.0000000000E+00  0.0000000000E+00  0.1310023283E+01 -0.1019492577E+01 -0.6574696097E-01  0.0000000000E+00  0.0000000000E+00  0.0000000000E+00  0.3402475606E-01 -0.3288115085E-01  0.6189373889E+00  0.0000000000E+00  0.0000000000E+00  0.0000000000E+00
63  0.6659723468E-06  0.1631499649E-05  0.1693057118E-05  0.1053465094E-05  0.1824626800E-05  0.6227976796E+00  0.3920312268E-01  0.1313944618E+01 -0.1026328346E+01 -0.4770555064E-01  0.3424383750E+03  0.2832783362E-01 -0.3066858281E-01  0.6233870133E+00  0.6227976796E+00  0.3920312268E-01  0.0000000000E+00  0.0000000000E+00  0.1313944618E+01 -0.1026328346E+01 -0.4770555064E-01  0.0000000000E+00  0.0000000000E+00  0.0000000000E+00  0.2832783362E-01 -0.3066858281E-01  0.6233870133E+00  0.0000000000E+00  0.0000000000E+00  0.0000000000E+00
64  0.6325144872E-06  0.1513466076E-05  0.1576560660E-05  0.9570351102E-06  0.1758481695E-05  0.6258515585E+00  0.3138422743E-01  0.1314661037E+01 -0.1029727088E+01 -0.2552106385E-01  0.3474413750E+03  0.2045683169E-01 -0.2806735606E-01  0.6263039686E+00  0.6258515585E+00  0.3138422743E-01  0.0000000000E+00  0.0000000000E+00  0.1314661037E+01 -0.1029727088E+01 -0.2552106385E-01  0.0000000000E+00  0.0000000000E+00  0.0000000000E+00  0.2045683169E-01 -0.2806735606E-01  0.6263039686E+00  0.0000000000E+00  0.0000000000E+00  0.0000000000E+00
65  0.5841912297E-06  0.1372950456E-05  0.1448275781E-05  0.8386490708E-06  0.1651917749E-05  0.6271881394E+00  0.2299766037E-01  0.1312846294E+01 -0.1029593143E+01 -0.4212890694E-02  0.3523418750E+03  0.1204821539E-01 -0.2565030907E-01  0.6274939801E+00  0.6271881394E+00  0.2299766037E-01  0.0000000000E+00  0.0000000000E+00  0.1312846294E+01 -0.1029593143E+01 -0.4212890694E-02  0.0000000000E+00  0.0000000000E+00  0.0000000000E+00  0.1204821539E-01 -0.2565030907E-01  0.6274939801E+00  0.0000000000E+00  0.0000000000E+00  0.0000000000E+00
66  0.5323636364E-06  0.1286770212E-05  0.1311399700E-05  0.7254470076E-06  0.1551960638E-05  0.6269684030E+00  0.1543109456E-01  0.1309586767E+01 -0.1026532464E+01  0.1231157382E-01  0.3574253750E+03  0.4486636939E-02 -0.2385059187E-01  0.6271422224E+00  0.6269684030E+00  0.1543109456E-01  0.0000000000E+00  0.0000000000E+00  0.1309586767E+01 -0.1026532464E+01  0.1231157382E-01  0.0000000000E+00  0.0000000000E+00  0.0000000000E+00  0.4486636939E-02 -0.2385059187E-01  0.6271422224E+00  0.0000000000E+00  0.0000000000E+00  0.0000000000E+00
67  0.5021202255E-06  0.1225601859E-05  0.1208693891E-05  0.6491997752E-06  0.1481893928E-05  0.6253575680E+00  0.1003296687E-01  0.1305816594E+01 -0.1021208137E+01  0.2102173840E-01  0.3625293500E+03 -0.8825556494E-03 -0.2297360635E-01  0.6254374224E+00  0.6253575680E+00  0.1003296687E-01  0.0000000000E+00  0.0000000000E+00  0.1305816594E+01 -0.1021208137E+01  0.2102173840E-01  0.0000000000E+00  0.0000000000E+00  0.0000000000E+00 -0.8825556494E-03 -0.2297360635E-01  0.6254374224E+00  0.0000000000E+00  0.0000000000E+00  0.0000000000E+00
68  0.4788566175E-06  0.1162923724E-05  0.1137441568E-05  0.6234075284E-06  0.1386252190E-05  0.6226813326E+00  0.7436694374E-02  0.1302283419E+01 -0.1014524113E+01  0.2119203080E-01  0.3679583750E+03 -0.3431725969E-02 -0.2306573836E-01  0.6227162835E+00  0.6226813326E+00  0.7436694374E-02  0.0000000000E+00  0.0000000000E+00  0.1302283419E+01 -0.1014524113E+01  0.2119203080E-01  0.0000000000E+00  0.0000000000E+00  0.0000000000E+00 -0.3431725969E-02 -0.2306573836E-01  0.6227162835E+00  0.0000000000E+00  0.0000000000E+00  0.0000000000E+00
69  0.4736353710E-06  0.1124209335E-05  0.1085798827E-05  0.6352753769E-06  0.1325153303E-05  0.6193393132E+00  0.7804706997E-02  0.1299509707E+01 -0.1007503699E+01  0.1392094288E-01  0.3733345750E+03 -0.3005443114E-02 -0.2396608272E-01  0.6193811957E+00  0.6193393132E+00  0.7804706997E-02  0.0000000000E+00  0.0000000000E+00  0.1299509707E+01 -0.1007503699E+01  0.1392094288E-01  0.0000000000E+00  0.0000000000E+00  0.0000000000E+00 -0.3005443114E-02 -0.2396608272E-01  0.6193811957E+00  0.0000000000E+00  0.0000000000E+00  0.0000000000E+00
70  0.4703207887E-06  0.1075545291E-05  0.1044249411E-05  0.6454151634E-06  0.1284777281E-05  0.6157681909E+00  0.1072954743E-01  0.1297723070E+01 -0.1001123008E+01  0.1579181305E-02  0.3786223750E+03 -0.1872347196E-04 -0.2539744315E-01  0.6158616628E+00  0.6157681909E+00  0.1072954743E-01  0.0000000000E+00  0.0000000000E+00  0.1297723070E+01 -0.1001123008E+01  0.1579181305E-02  0.0000000000E+00  0.0000000000E+00  0.0000000000E+00 -0.1872347196E-04 -0.2539744315E-01  0.6158616628E+00  0.0000000000E+00  0.0000000000E+00  0.0000000000E+00
71  0.4674481421E-06  0.1024032553E-05  0.9988383070E-06  0.6307123504E-06  0.1256584370E-05  0.6125048810E+00  0.1535645854E-01  0.1297024497E+01 -0.9963642104E+00 -0.1247332073E-01  0.3839595750E+03  0.4664435548E-02 -0.2698951122E-01  0.6126796006E+00  0.6125048810E+00  0.1535645854E-01  0.0000000000E+00  0.0000000000E+00  0.1297024497E+01 -0.9963642104E+00 -0.1247332073E-01  0.0000000000E+00  0.0000000000E+00  0.0000000000E+00  0.4664435548E-02 -0.2698951122E-01  0.6126796006E+00  0.0000000000E+00  0.0000000000E+00  0.0000000000E+00
72  0.4481944724E-06  0.9513114550E-06  0.9329460554E-06  0.5857409824E-06  0.1209324534E-05  0.6100445774E+00  0.2071925425E-01  0.1297415926E+01 -0.9940120187E+00 -0.2531893255E-01  0.3893364750E+03  0.1006935270E-01 -0.2845007909E-01  0.6103132655E+00  0.6100445774E+00  0.2071925425E-01  0.0000000000E+00  0.0000000000E+00  0.1297415926E+01 -0.9940120187E+00 -0.2531893255E-01  0.0000000000E+00  0.0000000000E+00  0.0000000000E+00  0.1006935270E-01 -0.2845007909E-01  0.6103132655E+00  0.0000000000E+00  0.0000000000E+00  0.0000000000E+00
73  0.4224449524E-06  0.9002376697E-06  0.8482202155E-06  0.5173053967E-06  0.1162454644E-05  0.6088747592E+00  0.2574188144E-01  0.1298842085E+01 -0.9945455960E+00 -0.3447005172E-01  0.3943713750E+03  0.1511163106E-01 -0.2953038741E-01  0.6092312824E+00  0.6088747592E+00  0.2574188144E-01  0.0000000000E+00  0.0000000000E+00  0.1298842085E+01 -0.9945455960E+00 -0.3447005172E-01  0.0000000000E+00  0.0000000000E+00  0.0000000000E+00  0.1511163106E-01 -0.2953038741E-01  0.6092312824E+00  0.0000000000E+00  0.0000000000E+00  0.0000000000E+00
74  0.3991555637E-06  0.8449577889E-06  0.7656307648E-06  0.4494770478E-06  0.1116236073E-05  0.6092926966E+00  0.2968994964E-01  0.1301190321E+01 -0.9980769522E+00 -0.3899810835E-01  0.3993833750E+03  0.1905180394E-01 -0.3015158110E-01  0.6097180594E+00  0.6092926966E+00  0.2968994964E-01  0.0000000000E+00  0.0000000000E+00  0.1301190321E+01 -0.9980769522E+00 -0.3899810835E-01  0.0000000000E+00  0.0000000000E+00  0.0000000000E+00  0.1905180394E-01 -0.3015158110E-01  0.6097180594E+00  0.0000000000E+00  0.0000000000E+00  0.0000000000E+00
75  0.3903953450E-06  0.8095454506E-06  0.6998755581E-06  0.4073733791E-06  0.1094426705E-05  0.6113453998E+00  0.3195339301E-01  0.1304251492E+01 -0.1004054040E+01 -0.3872194960E-01  0.4041863750E+03  0.2127907796E-01 -0.3028273618E-01  0.6118099525E+00  0.6113453998E+00  0.3195339301E-01  0.0000000000E+00  0.0000000000E+00  0.1304251492E+01 -0.1004054040E+01 -0.3872194960E-01  0.0000000000E+00  0.0000000000E+00  0.0000000000E+00  0.2127907796E-01 -0.3028273618E-01  0.6118099525E+00  0.0000000000E+00  0.0000000000E+00  0.0000000000E+00
76  0.3784553172E-06  0.7888568269E-06  0.6647358879E-06  0.4027326216E-06  0.1058612779E-05  0.6148381807E+00  0.3237520324E-01  0.1307803855E+01 -0.1011725175E+01 -0.3458676385E-01  0.4088143750E+03  0.2163986652E-01 -0.3000285573E-01  0.6153095631E+00  0.6148381807E+00  0.3237520324E-01  0.0000000000E+00  0.0000000000E+00  0.1307803855E+01 -0.1011725175E+01 -0.3458676385E-01  0.0000000000E+00  0.0000000000E+00  0.0000000000E+00  0.2163986652E-01 -0.3000285573E-01  0.6153095631E+00  0.0000000000E+00  0.0000000000E+00  0.0000000000E+00
77  0.3668233030E-06  0.7492760044E-06  0.6521693961E-06  0.4208795407E-06  0.1001207374E-05  0.6191682685E+00  0.3107591465E-01  0.1311430868E+01 -0.1019626502E+01 -0.2807926409E-01  0.4133662750E+03  0.2026520536E-01 -0.2941759937E-01  0.6196163157E+00  0.6191682685E+00  0.3107591465E-01  0.0000000000E+00  0.0000000000E+00  0.1311430868E+01 -0.1019626502E+01 -0.2807926409E-01  0.0000000000E+00  0.0000000000E+00  0.0000000000E+00  0.2026520536E-01 -0.2941759937E-01  0.6196163157E+00  0.0000000000E+00  0.0000000000E+00  0.0000000000E+00
78  0.3485261384E-06  0.7102249991E-06  0.6364307217E-06  0.4300228632E-06  0.9417059011E-06  0.6236706225E+00  0.2842565702E-01  0.1314778801E+01 -0.1026577954E+01 -0.2067757395E-01  0.4180323750E+03  0.1753677447E-01 -0.2864541117E-01  0.6240717305E+00  0.6236706225E+00  0.2842565702E-01  0.0000000000E+00  0.0000000000E+00  0.1314778801E+01 -0.1026577954E+01 -0.2067757395E-01  0.0000000000E+00  0.0000000000E+00  0.0000000000E+00  0.1753677447E-01 -0.2864541117E-01  0.6240717305E+00  0.0000000000E+00  0.0000000000E+00  0.0000000000E+00
79  0.3390242878E-06  0.6517763939E-06  0.6086638435E-06  0.4155278707E-06  0.9029486667E-06  0.6274461894E+00  0.2502621985E-01  0.1317379014E+01 -0.1031156610E+01 -0.1386544483E-01  0.4231465750E+03  0.1407196232E-01 -0.2781619178E-01  0.6277873940E+00  0.6274461894E+00  0.2502621985E-01  0.0000000000E+00  0.0000000000E+00  0.1317379014E+01 -0.1031156610E+01 -0.1386544483E-01  0.0000000000E+00  0.0000000000E+00  0.0000000000E+00  0.1407196232E-01 -0.2781619178E-01  0.6277873940E+00  0.0000000000E+00  0.0000000000E+00  0.0000000000E+00
80  0.3260715009E-06  0.6080164313E-06  0.5598568635E-06  0.3743430288E-06  0.8879635619E-06  0.6298386311E+00  0.2147390969E-01  0.1318905007E+01 -0.1032685419E+01 -0.8526662703E-02  0.4287664750E+03  0.1047843933E-01 -0.2703329282E-01  0.6301174750E+00  0.6298386311E+00  0.2147390969E-01  0.0000000000E+00  0.0000000000E+00  0.1318905007E+01 -0.1032685419E+01 -0.8526662703E-02  0.0000000000E+00  0.0000000000E+00  0.0000000000E+00  0.1047843933E-01 -0.2703329282E-01  0.6301174750E+00  0.0000000000E+00  0.0000000000E+00  0.0000000000E+00
81  0.3080407725E-06  0.5592632506E-06  0.5056081563E-06  0.3194873491E-06  0.8474604064E-06  0.6303492696E+00  0.1842081663E-01  0.1319125585E+01 -0.1030881109E+01 -0.5253058511E-02  0.4342045250E+03  0.7416899397E-02 -0.2640487554E-01  0.6305747519E+00  0.6303492696E+00  0.1842081663E-01  0.0000000000E+00  0.0000000000E+00  0.1319125585E+01 -0.1030881109E+01 -0.5253058511E-02  0.0000000000E+00  0.0000000000E+00  0.0000000000E+00  0.7416899397E-02 -0.2640487554E-01  0.6305747519E+00  0.0000000000E+00  0.0000000000E+00  0.0000000000E+00
82  0.2943476373E-06  0.5299021989E-06  0.4563253589E-06  0.2747436297E-06  0.8181299286E-06  0.6289600963E+00  0.1633582380E-01  0.1318077600E+01 -0.1026301984E+01 -0.4183623123E-02  0.4397033750E+03  0.5356468540E-02 -0.2601644532E-01  0.6291494021E+00  0.6289600963E+00  0.1633582380E-01  0.0000000000E+00  0.0000000000E+00  0.1318077600E+01 -0.1026301984E+01 -0.4183623123E-02  0.0000000000E+00  0.0000000000E+00  0.0000000000E+00  0.5356468540E-02 -0.2601644532E-01  0.6291494021E+00  0.0000000000E+00  0.0000000000E+00  0.0000000000E+00
83  0.2927029087E-06  0.5110048022E-06  0.4280191274E-06  0.2585667753E-06  0.8069472752E-06  0.6260215297E+00  0.1553014932E-01  0.1315997754E+01 -0.1020017746E+01 -0.5132980914E-02  0.4451293750E+03  0.4602201827E-02 -0.2592689558E-01  0.6261972221E+00  0.6260215297E+00  0.1553014932E-01  0.0000000000E+00  0.0000000000E+00  0.1315997754E+01 -0.1020017746E+01 -0.5132980914E-02  0.0000000000E+00  0.0000000000E+00  0.0000000000E+00  0.4602201827E-02 -0.2592689558E-01  0.6261972221E+00  0.0000000000E+00  0.0000000000E+00  0.0000000000E+00
84  0.2871670743E-06  0.4876567958E-06  0.4182890178E-06  0.2675912436E-06  0.7731331616E-06  0.6222471373E+00  0.1604354182E-01  0.1313360374E+01 -0.1013508764E+01 -0.7683946180E-02  0.4502973250E+03  0.5181388368E-02 -0.2614858965E-01  0.6224323645E+00  0.6222471373E+00  0.1604354182E-01  0.0000000000E+00  0.0000000000E+00  0.1313360374E+01 -0.1013508764E+01 -0.7683946180E-02  0.0000000000E+00  0.0000000000E+00  0.0000000000E+00  0.5181388368E-02 -0.2614858965E-01  0.6224323645E+00  0.0000000000E+00  0.0000000000E+00  0.0000000000E+00
85  0.2792435989E-06  0.4709509439E-06  0.4129952539E-06  0.2789078001E-06  0.7442789456E-06  0.6185666935E+00  0.1768449436E-01  0.1310813442E+01 -0.1008294106E+01 -0.1126124734E-01  0.4554673750E+03  0.6886323578E-02 -0.2664231359E-01  0.6187811198E+00  0.6185666935E+00  0.1768449436E-01  0.0000000000E+00  0.0000000000E+00  0.1310813442E+01 -0.1008294106E+01 -0.1126124734E-01  0.0000000000E+00  0.0000000000E+00  0.0000000000E+00  0.6886323578E-02 -0.2664231359E-01  0.6187811198E+00  0.0000000000E+00  0.0000000000E+00  0.0000000000E+00
86  0.2742667069E-06  0.4455767095E-06  0.3997385129E-06  0.2757249448E-06  0.7233035812E-06  0.6158564927E+00  0.2006360848E-01  0.1308973932E+01 -0.1005591077E+01 -0.1525604059E-01  0.4608303750E+03  0.9312374881E-02 -0.2732006036E-01  0.6161128530E+00  0.6158564927E+00  0.2006360848E-01  0.0000000000E+00  0.0000000000E+00  0.1308973932E+01 -0.1005591077E+01 -0.1525604059E-01  0.0000000000E+00  0.0000000000E+00  0.0000000000E+00  0.9312374881E-02 -0.2732006036E-01  0.6161128530E+00  0.0000000000E+00  0.0000000000E+00  0.0000000000E+00
87  0.2653130629E-06  0.4241451133E-06  0.3730437932E-06  0.2520562422E-06  0.7102888646E-06  0.6147948171E+00  0.2263492863E-01  0.1308390183E+01 -0.1005997820E+01 -0.1896497759E-01  0.4660312750E+03  0.1190183220E-01 -0.2803929756E-01  0.6150962149E+00  0.6147948171E+00  0.2263492863E-01  0.0000000000E+00  0.0000000000E+00  0.1308390183E+01 -0.1005997820E+01 -0.1896497759E-01  0.0000000000E+00  0.0000000000E+00  0.0000000000E+00  0.1190183220E-01 -0.2803929756E-01  0.6150962149E+00  0.0000000000E+00  0.0000000000E+00  0.0000000000E+00
88  0.2637915092E-06  0.4050050639E-06  0.3383966285E-06  0.2174678238E-06  0.7078207292E-06  0.6156205904E+00  0.2487433247E-01  0.1309245732E+01 -0.1009408751E+01 -0.2178017296E-01  0.4711503750E+03  0.1412648324E-01 -0.2865459815E-01  0.6159609453E+00  0.6156205904E+00  0.2487433247E-01  0.0000000000E+00  0.0000000000E+00  0.1309245732E+01 -0.1009408751E+01 -0.2178017296E-01  0.0000000000E+00  0.0000000000E+00  0.0000000000E+00  0.1412648324E-01 -0.2865459815E-01  0.6159609453E+00  0.0000000000E+00  0.0000000000E+00  0.0000000000E+00
89  0.2672574581E-06  0.3900932804E-06  0.3083943293E-06  0.1911758067E-06  0.7219328311E-06  0.6180985879E+00  0.2631577399E-01  0.1311421782E+01 -0.1014871910E+01 -0.2321297807E-01  0.4762973750E+03  0.1552445819E-01 -0.2902802005E-01  0.6184637221E+00  0.6180985879E+00  0.2631577399E-01  0.0000000000E+00  0.0000000000E+00  0.1311421782E+01 -0.1014871910E+01 -0.2321297807E-01  0.0000000000E+00  0.0000000000E+00  0.0000000000E+00  0.1552445819E-01 -0.2902802005E-01  0.6184637221E+00  0.0000000000E+00  0.0000000000E+00  0.0000000000E+00
90  0.2621364902E-06  0.3836959218E-06  0.2932032433E-06  0.1857237984E-06  0.7070175185E-06  0.6216152597E+00  0.2671427678E-01  0.1314428443E+01 -0.1021125913E+01 -0.2303520649E-01  0.4813875750E+03  0.1586152591E-01 -0.2908542129E-01  0.6219868131E+00  0.6216152597E+00  0.2671427678E-01  0.0000000000E+00  0.0000000000E+00  0.1314428443E+01 -0.1021125913E+01 -0.2303520649E-01  0.0000000000E+00  0.0000000000E+00  0.0000000000E+00  0.1586152591E-01 -0.2908542129E-01  0.6219868131E+00  0.0000000000E+00  0.0000000000E+00  0.0000000000E+00
91  0.2561549144E-06  0.3682998487E-06  0.2996011020E-06  0.2011563493E-06  0.6819869709E-06  0.6252370548E+00  0.2604358120E-01  0.1317527014E+01 -0.1026501448E+01 -0.2129483053E-01  0.4864353750E+03  0.1512772344E-01 -0.2881761826E-01  0.6255963513E+00  0.6252370548E+00  0.2604358120E-01  0.0000000000E+00  0.0000000000E+00  0.1317527014E+01 -0.1026501448E+01 -0.2129483053E-01  0.0000000000E+00  0.0000000000E+00  0.0000000000E+00  0.1512772344E-01 -0.2881761826E-01  0.6255963513E+00  0.0000000000E+00  0.0000000000E+00  0.0000000000E+00
92  0.2551057672E-06  0.3569055915E-06  0.3017448608E-06  0.2144504161E-06  0.6706565437E-06  0.6281240737E+00  0.2451833356E-01  0.1319991569E+01 -0.1029853762E+01 -0.1837885533E-01  0.4920953750E+03  0.1355232267E-01 -0.2829643078E-01  0.6284563113E+00  0.6281240737E+00  0.2451833356E-01  0.0000000000E+00  0.0000000000E+00  0.1319991569E+01 -0.1029853762E+01 -0.1837885533E-01  0.0000000000E+00  0.0000000000E+00  0.0000000000E+00  0.1355232267E-01 -0.2829643078E-01  0.6284563113E+00  0.0000000000E+00  0.0000000000E+00  0.0000000000E+00
93  0.2517651840E-06  0.3336819962E-06  0.2943153070E-06  0.2120800340E-06  0.6567071046E-06  0.6295787564E+00  0.2253225983E-01  0.1321222407E+01 -0.1030383060E+01 -0.1488469110E-01  0.4973334000E+03  0.1154116372E-01 -0.2765094093E-01  0.6298761107E+00  0.6295787564E+00  0.2253225983E-01  0.0000000000E+00  0.0000000000E+00  0.1321222407E+01 -0.1030383060E+01 -0.1488469110E-01  0.0000000000E+00  0.0000000000E+00  0.0000000000E+00  0.1154116372E-01 -0.2765094093E-01  0.6298761107E+00  0.0000000000E+00  0.0000000000E+00  0.0000000000E+00
94  0.2432739065E-06  0.3184706750E-06  0.2741215381E-06  0.1945179156E-06  0.6417040466E-06  0.6293782102E+00  0.2053973591E-01  0.1320983529E+01 -0.1028228494E+01 -0.1153071862E-01  0.5026573750E+03  0.9552443278E-02 -0.2703335477E-01  0.6296408207E+00  0.6293782102E+00  0.2053973591E-01  0.0000000000E+00  0.0000000000E+00  0.1320983529E+01 -0.1028228494E+01 -0.1153071862E-01  0.0000000000E+00  0.0000000000E+00  0.0000000000E+00  0.9552443278E-02 -0.2703335477E-01  0.6296408207E+00  0.0000000000E+00  0.0000000000E+00  0.0000000000E+00
95  0.2381968528E-06  0.2967421286E-06  0.2470795018E-06  0.1652977092E-06  0.6318302511E-06  0.6277038804E+00  0.1900100463E-01  0.1319443789E+01 -0.1024097122E+01 -0.9089306132E-02  0.5078503000E+03  0.8043167444E-02 -0.2659460873E-01  0.6279398913E+00  0.6277038804E+00  0.1900100463E-01  0.0000000000E+00  0.0000000000E+00  0.1319443789E+01 -0.1024097122E+01 -0.9089306132E-02  0.0000000000E+00  0.0000000000E+00  0.0000000000E+00  0.8043167444E-02 -0.2659460873E-01  0.6279398913E+00  0.0000000000E+00  0.0000000000E+00  0.0000000000E+00
96  0.2371376077E-06  0.2855857575E-06  0.2252129977E-06  0.1477774158E-06  0.6273899885E-06  0.6251253801E+00  0.1820246836E-01  0.1317075446E+01 -0.1019239233E+01 -0.7985622773E-02  0.5126033750E+03  0.7289753832E-02 -0.2641944450E-01  0.6253478474E+00  0.6251253801E+00  0.1820246836E-01  0.0000000000E+00  0.0000000000E+00  0.1317075446E+01 -0.1019239233E+01 -0.7985622773E-02  0.0000000000E+00  0.0000000000E+00  0.0000000000E+00  0.7289753832E-02 -0.2641944450E-01  0.6253478474E+00  0.0000000000E+00  0.0000000000E+00  0.0000000000E+00
97  0.2424811233E-06  0.2803297947E-06  0.2178345248E-06  0.1457680737E-06  0.6388460504E-06  0.6224123898E+00  0.1826904624E-01  0.1314597670E+01 -0.1014953953E+01 -0.8420526605E-02  0.5172335000E+03  0.7403669780E-02 -0.2653650859E-01  0.6226364322E+00  0.6224123898E+00  0.1826904624E-01  0.0000000000E+00  0.0000000000E+00  0.1314597670E+01 -0.1014953953E+01 -0.8420526605E-02  0.0000000000E+00  0.0000000000E+00  0.0000000000E+00  0.7403669780E-02 -0.2653650859E-01  0.6226364322E+00  0.0000000000E+00  0.0000000000E+00  0.0000000000E+00
98  0.2372582086E-06  0.2716943014E-06  0.2210220517E-06  0.1569983942E-06  0.6166645695E-06  0.6202901491E+00  0.1909260952E-01  0.1312646190E+01 -0.1012326147E+01 -0.1016752005E-01  0.5218663750E+03  0.8264145834E-02 -0.2688894966E-01  0.6205288879E+00  0.6202901491E+00  0.1909260952E-01  0.0000000000E+00  0.0000000000E+00  0.1312646190E+01 -0.1012326147E+01 -0.1016752005E-01  0.0000000000E+00  0.0000000000E+00  0.0000000000E+00  0.8264145834E-02 -0.2688894966E-01  0.6205288879E+00  0.0000000000E+00  0.0000000000E+00  0.0000000000E+00
99  0.2318164938E-06  0.2625027676E-06  0.2211313418E-06  0.1610801012E-06  0.5989910291E-06  0.6192801010E+00  0.2041533957E-01  0.1311731226E+01 -0.1011844521E+01 -0.1276544051E-01  0.5261113750E+03  0.9604302189E-02 -0.2737592758E-01  0.6195420784E+00  0.6192801010E+00  0.2041533957E-01  0.0000000000E+00  0.0000000000E+00  0.1311731226E+01 -0.1011844521E+01 -0.1276544051E-01  0.0000000000E+00  0.0000000000E+00  0.0000000000E+00  0.9604302189E-02 -0.2737592758E-01  0.6195420784E+00  0.0000000000E+00  0.0000000000E+00  0.0000000000E+00
100  0.2362222012E-06  0.2530644787E-06  0.2100138603E-06  0.1541664682E-06  0.6087509541E-06  0.6195392681E+00  0.2187508824E-01  0.1311957690E+01 -0.1013442133E+01 -0.1550478368E-01  0.5305753750E+03  0.1105930545E-01 -0.2786177008E-01  0.6198266822E+00  0.6195392681E+00  0.2187508824E-01  0.0000000000E+00  0.0000000000E+00  0.1311957690E+01 -0.1013442133E+01 -0.1550478368E-01  0.0000000000E+00  0.0000000000E+00  0.0000000000E+00  0.1105930545E-01 -0.2786177008E-01  0.6198266822E+00  0.0000000000E+00  0.0000000000E+00  0.0000000000E+00
