TITLE="fun3d_case_title"
VARIABLES="Iteration" "R_1" "R_2" "R_3" "R_4" "R_5" "C_L" "C_D" "C_M_x" "C_M_y" "C_M_z" "Wall Time" "C_x" "C_y" "C_z" "C_Lp" "C_Dp" "C_Lv" "C_Dv" "C_M_xp" "C_M_yp" "C_M_zp" "C_M_xv" "C_M_yv" "C_M_zv" "C_xp" "C_yp" "C_zp" "C_xv" "C_yv" "C_zv"
ZONE  I=100 F=POINT
1  0.1329022802E-01  0.6628948982E-02  0.5043834811E-03  0.3688923529E-02  0.3490778099E-01 -0.1104333784E+00  0.1637571371E+01  0.1769871486E+01 -0.5320683614E+01  0.2052815397E+00  0.5450593177E+02  0.1641106773E+01  0.5169324280E+00 -0.2457816973E-01 -0.1104333784E+00  0.1637571371E+01  0.0000000000E+00  0.0000000000E+00  0.1769871486E+01 -0.5320683614E+01  0.2052815397E+00  0.0000000000E+00  0.0000000000E+00  0.0000000000E+00  0.1641106773E+01  0.5169324280E+00 -0.2457816973E-01  0.0000000000E+00  0.0000000000E+00  0.0000000000E+00
2  0.9757058805E-02  0.4983845267E-02  0.1234116171E-02  0.8466394895E-02  0.2558161058E-01 -0.1787360268E+00  0.2748548571E+01  0.2644797916E+01 -0.8927065434E+01  0.2066283406E+00  0.5806333021E+02  0.2754136102E+01  0.7718169777E+00 -0.3464315754E-01 -0.1787360268E+00  0.2748548571E+01  0.0000000000E+00  0.0000000000E+00  0.2644797916E+01 -0.8927065434E+01  0.2066283406E+00  0.0000000000E+00  0.0000000000E+00  0.0000000000E+00  0.2754136102E+01  0.7718169777E+00 -0.3464315754E-01  0.0000000000E+00  0.0000000000E+00  0.0000000000E+00
3  0.7601935447E-02  0.3917874625E-02  0.1557320803E-02  0.8885961317E-02  0.1985771362E-01 -0.2087424125E+00  0.3243726463E+01  0.2804043198E+01 -0.1055169651E+02  0.1220519911E+00  0.6148483021E+02  0.3250205783E+01  0.8140685520E+00 -0.3869281202E-01 -0.2087424125E+00  0.3243726463E+01  0.0000000000E+00  0.0000000000E+00  0.2804043198E+01 -0.1055169651E+02  0.1220519911E+00  0.0000000000E+00  0.0000000000E+00  0.0000000000E+00  0.3250205783E+01  0.8140685520E+00 -0.3869281202E-01  0.0000000000E+00  0.0000000000E+00  0.0000000000E+00
4  0.5657628619E-02  0.2986648447E-02  0.1717790954E-02  0.7583804014E-02  0.1468424759E-01 -0.2084371503E+00  0.3141007555E+01  0.2473203946E+01 -0.1025368602E+02  0.3728992896E-01  0.6476498021E+02  0.3147611671E+01  0.7073545782E+00 -0.4376386048E-01 -0.2084371503E+00  0.3141007555E+01  0.0000000000E+00  0.0000000000E+00  0.2473203946E+01 -0.1025368602E+02  0.3728992896E-01  0.0000000000E+00  0.0000000000E+00  0.0000000000E+00  0.3147611671E+01  0.7073545782E+00 -0.4376386048E-01  0.0000000000E+00  0.0000000000E+00  0.0000000000E+00
5  0.5036331724E-02  0.2699473644E-02  0.1731035097E-02  0.6128116949E-02  0.1301801145E-01 -0.1944264901E+00  0.2707875120E+01  0.2067643412E+01 -0.8847848871E+01  0.2664989951E-01  0.6836448021E+02  0.2714339568E+01  0.5736412599E+00 -0.5244080158E-01 -0.1944264901E+00  0.2707875120E+01  0.0000000000E+00  0.0000000000E+00  0.2067643412E+01 -0.8847848871E+01  0.2664989951E-01  0.0000000000E+00  0.0000000000E+00  0.0000000000E+00  0.2714339568E+01  0.5736412599E+00 -0.5244080158E-01  0.0000000000E+00  0.0000000000E+00  0.0000000000E+00
6  0.4632479484E-02  0.2509918811E-02  0.1726464925E-02  0.5298280600E-02  0.1193282382E-01 -0.1781244582E+00  0.2196211004E+01  0.1804866406E+01 -0.7129384487E+01  0.8708119154E-01  0.7200588021E+02  0.2202523487E+01  0.4788504597E+00 -0.6293954182E-01 -0.1781244582E+00  0.2196211004E+01  0.0000000000E+00  0.0000000000E+00  0.1804866406E+01 -0.7129384487E+01  0.8708119154E-01  0.0000000000E+00  0.0000000000E+00  0.0000000000E+00  0.2202523487E+01  0.4788504597E+00 -0.6293954182E-01  0.0000000000E+00  0.0000000000E+00  0.0000000000E+00
7  0.4208107567E-02  0.2307578901E-02  0.1727735181E-02  0.4891409905E-02  0.1078797455E-01 -0.1631775621E+00  0.1753046957E+01  0.1669313611E+01 -0.5590021845E+01  0.1606012534E+00  0.7559148021E+02  0.1759184521E+01  0.4216822698E+00 -0.7120654410E-01 -0.1631775621E+00  0.1753046957E+01  0.0000000000E+00  0.0000000000E+00  0.1669313611E+01 -0.5590021845E+01  0.1606012534E+00  0.0000000000E+00  0.0000000000E+00  0.0000000000E+00  0.1759184521E+01  0.4216822698E+00 -0.7120654410E-01  0.0000000000E+00  0.0000000000E+00  0.0000000000E+00
8  0.3824940449E-02  0.2124714077E-02  0.1702892641E-02  0.4486573259E-02  0.9756415065E-02 -0.1486499704E+00  0.1425193247E+01  0.1543742142E+01 -0.4417030267E+01  0.1890135732E+00  0.7893915521E+02  0.1431019808E+01  0.3711907840E+00 -0.7385739931E-01 -0.1486499704E+00  0.1425193247E+01  0.0000000000E+00  0.0000000000E+00  0.1543742142E+01 -0.4417030267E+01  0.1890135732E+00  0.0000000000E+00  0.0000000000E+00  0.0000000000E+00  0.1431019808E+01  0.3711907840E+00 -0.7385739931E-01  0.0000000000E+00  0.0000000000E+00  0.0000000000E+00
9  0.3458974329E-02  0.1963265647E-02  0.1640736659E-02  0.4016880049E-02  0.8784910577E-02 -0.1327279193E+00  0.1202248667E+01  0.1342034462E+01 -0.3615012473E+01  0.1500729296E+00  0.8228658021E+02  0.1207547470E+01  0.3055485433E+00 -0.6962518662E-01 -0.1327279193E+00  0.1202248667E+01  0.0000000000E+00  0.0000000000E+00  0.1342034462E+01 -0.3615012473E+01  0.1500729296E+00  0.0000000000E+00  0.0000000000E+00  0.0000000000E+00  0.1207547470E+01  0.3055485433E+00 -0.6962518662E-01  0.0000000000E+00  0.0000000000E+00  0.0000000000E+00
10  0.3039212542E-02  0.1807652195E-02  0.1571793204E-02  0.3502996477E-02  0.7685918610E-02 -0.1144056145E+00  0.1053598773E+01  0.1053706830E+01 -0.3112112443E+01  0.5815684761E-01  0.8577128802E+02  0.1058142380E+01  0.2249104489E+00 -0.5910772628E-01 -0.1144056145E+00  0.1053598773E+01  0.0000000000E+00  0.0000000000E+00  0.1053706830E+01 -0.3112112443E+01  0.5815684761E-01  0.0000000000E+00  0.0000000000E+00  0.0000000000E+00  0.1058142380E+01  0.2249104489E+00 -0.5910772628E-01  0.0000000000E+00  0.0000000000E+00  0.0000000000E+00
11  0.2541816048E-02  0.1653778909E-02  0.1539664173E-02  0.2921854371E-02  0.6382292177E-02 -0.9361381549E-01  0.9461662804E+00  0.7175391122E+00 -0.2808350282E+01 -0.5470936237E-01  0.8916253021E+02  0.9497689609E+00  0.1425375579E+00 -0.4396700396E-01 -0.9361381549E-01  0.9461662804E+00  0.0000000000E+00  0.0000000000E+00  0.7175391122E+00 -0.2808350282E+01 -0.5470936237E-01  0.0000000000E+00  0.0000000000E+00  0.0000000000E+00  0.9497689609E+00  0.1425375579E+00 -0.4396700396E-01  0.0000000000E+00  0.0000000000E+00  0.0000000000E+00
12  0.2004724757E-02  0.1500854386E-02  0.1530039654E-02  0.2283804049E-02  0.4949037724E-02 -0.7096442008E-01  0.8506116996E+00  0.3789434765E+00 -0.2592429579E+01 -0.1574443278E+00  0.9257883021E+02  0.8531599566E+00  0.7075829758E-01 -0.2634958912E-01 -0.7096442008E-01  0.8506116996E+00  0.0000000000E+00  0.0000000000E+00  0.3789434765E+00 -0.2592429579E+01 -0.1574443278E+00  0.0000000000E+00  0.0000000000E+00  0.0000000000E+00  0.8531599566E+00  0.7075829758E-01 -0.2634958912E-01  0.0000000000E+00  0.0000000000E+00  0.0000000000E+00
13  0.1545261497E-02  0.1354925356E-02  0.1453955616E-02  0.1654283839E-02  0.3692865415E-02 -0.4750857925E-01  0.7451789431E+00  0.6857662387E-01 -0.2360850836E+01 -0.2291079469E+00  0.9598163021E+02  0.7466441081E+00  0.1445020260E-01 -0.8443817834E-02 -0.4750857925E-01  0.7451789431E+00  0.0000000000E+00  0.0000000000E+00  0.6857662387E-01 -0.2360850836E+01 -0.2291079469E+00  0.0000000000E+00  0.0000000000E+00  0.0000000000E+00  0.7466441081E+00  0.1445020260E-01 -0.8443817834E-02  0.0000000000E+00  0.0000000000E+00  0.0000000000E+00
14  0.1296937892E-02  0.1227241045E-02  0.1240166421E-02  0.1122875291E-02  0.3038264943E-02 -0.2452852465E-01  0.6188663914E+00 -0.1948893858E+00 -0.2044741582E+01 -0.2600670122E+00  0.9939233021E+02  0.6193019803E+00 -0.2660418929E-01  0.7894055222E-02 -0.2452852465E-01  0.6188663914E+00  0.0000000000E+00  0.0000000000E+00 -0.1948893858E+00 -0.2044741582E+01 -0.2600670122E+00  0.0000000000E+00  0.0000000000E+00  0.0000000000E+00  0.6193019803E+00 -0.2660418929E-01  0.7894055222E-02  0.0000000000E+00  0.0000000000E+00  0.0000000000E+00
15  0.1213268085E-02  0.1117761099E-02  0.9134754988E-03  0.7772210356E-03  0.2909377214E-02 -0.4437577450E-02  0.4796986119E+00 -0.3883432042E+00 -0.1652541043E+01 -0.2518955775E+00  0.1027431552E+03  0.4792734465E+00 -0.5214098177E-01  0.2067398966E-01 -0.4437577450E-02  0.4796986119E+00  0.0000000000E+00  0.0000000000E+00 -0.3883432042E+00 -0.1652541043E+01 -0.2518955775E+00  0.0000000000E+00  0.0000000000E+00  0.0000000000E+00  0.4792734465E+00 -0.5214098177E-01  0.2067398966E-01  0.0000000000E+00  0.0000000000E+00  0.0000000000E+00
16  0.1126292712E-02  0.1019482449E-02  0.6025747719E-03  0.6329941734E-03  0.2787971615E-02  0.1333977045E-01  0.3197542402E+00 -0.5072653145E+00 -0.1171234974E+01 -0.2054218748E+00  0.1061323802E+03  0.3186178785E+00 -0.6183109074E-01  0.3005613268E-01  0.1333977045E-01  0.3197542402E+00  0.0000000000E+00  0.0000000000E+00 -0.5072653145E+00 -0.1171234974E+01 -0.2054218748E+00  0.0000000000E+00  0.0000000000E+00  0.0000000000E+00  0.3186178785E+00 -0.6183109074E-01  0.3005613268E-01  0.0000000000E+00  0.0000000000E+00  0.0000000000E+00
17  0.9569166792E-03  0.9142712299E-03  0.4291906992E-03  0.5736330086E-03  0.2428926239E-02  0.2591427837E-01  0.1653179685E+00 -0.5281266921E+00 -0.7053815780E+00 -0.1335880336E+00  0.1094265802E+03  0.1637351575E+00 -0.5312520906E-01  0.3453083772E-01  0.2591427837E-01  0.1653179685E+00  0.0000000000E+00  0.0000000000E+00 -0.5281266921E+00 -0.7053815780E+00 -0.1335880336E+00  0.0000000000E+00  0.0000000000E+00  0.0000000000E+00  0.1637351575E+00 -0.5312520906E-01  0.3453083772E-01  0.0000000000E+00  0.0000000000E+00  0.0000000000E+00
18  0.7559521308E-03  0.8097087598E-03  0.4218784856E-03  0.5175784190E-03  0.1949135987E-02  0.3423137690E-01  0.1325794959E-01 -0.4430067851E+00 -0.2722057739E+00 -0.3701551517E-01  0.1123937802E+03  0.1144824819E-01 -0.2407704768E-01  0.3487833145E-01  0.3423137690E-01  0.1325794959E-01  0.0000000000E+00  0.0000000000E+00 -0.4430067851E+00 -0.2722057739E+00 -0.3701551517E-01  0.0000000000E+00  0.0000000000E+00  0.0000000000E+00  0.1144824819E-01 -0.2407704768E-01  0.3487833145E-01  0.0000000000E+00  0.0000000000E+00  0.0000000000E+00
19  0.5700793753E-03  0.7009696348E-03  0.4314604656E-03  0.4553552934E-03  0.1475202894E-02  0.3946082506E-01 -0.1140890039E+00 -0.2821693207E+00  0.5383866033E-01  0.6293314792E-01  0.1155656302E+03 -0.1159978689E+00  0.1671958570E-01  0.3343578826E-01  0.3946082506E-01 -0.1140890039E+00  0.0000000000E+00  0.0000000000E+00 -0.2821693207E+00  0.5383866033E-01  0.6293314792E-01  0.0000000000E+00  0.0000000000E+00  0.0000000000E+00 -0.1159978689E+00  0.1671958570E-01  0.3343578826E-01  0.0000000000E+00  0.0000000000E+00  0.0000000000E+00
20  0.4406568747E-03  0.6029712076E-03  0.3999616606E-03  0.4020085104E-03  0.1123138820E-02  0.4572088698E-01 -0.2192642714E+00 -0.7417373147E-01  0.2825109597E+00  0.1564964938E+00  0.1191751802E+03 -0.2213566237E+00  0.6163556672E-01  0.3418282278E-01  0.4572088698E-01 -0.2192642714E+00  0.0000000000E+00  0.0000000000E+00 -0.7417373147E-01  0.2825109597E+00  0.1564964938E+00  0.0000000000E+00  0.0000000000E+00  0.0000000000E+00 -0.2213566237E+00  0.6163556672E-01  0.3418282278E-01  0.0000000000E+00  0.0000000000E+00  0.0000000000E+00
21  0.3561411839E-03  0.5172118530E-03  0.3391552338E-03  0.3540760095E-03  0.8811839960E-03  0.5570281507E-01 -0.2877031131E+00  0.1021379699E+00  0.3982002803E+00  0.2132774883E+00  0.1227853302E+03 -0.2902240861E+00  0.9211020031E-01  0.4056925876E-01  0.5570281507E-01 -0.2877031131E+00  0.0000000000E+00  0.0000000000E+00  0.1021379699E+00  0.3982002803E+00  0.2132774883E+00  0.0000000000E+00  0.0000000000E+00  0.0000000000E+00 -0.2902240861E+00  0.9211020031E-01  0.4056925876E-01  0.0000000000E+00  0.0000000000E+00  0.0000000000E+00
22  0.3051458171E-03  0.4514583752E-03  0.2750444085E-03  0.3160264629E-03  0.7388744534E-03  0.7093405909E-01 -0.3173454494E+00  0.1974778426E+00  0.4088833985E+00  0.2113307730E+00  0.1264219802E+03 -0.3206229403E+00  0.9501432162E-01  0.5422826887E-01  0.7093405909E-01 -0.3173454494E+00  0.0000000000E+00  0.0000000000E+00  0.1974778426E+00  0.4088833985E+00  0.2113307730E+00  0.0000000000E+00  0.0000000000E+00  0.0000000000E+00 -0.3206229403E+00  0.9501432162E-01  0.5422826887E-01  0.0000000000E+00  0.0000000000E+00  0.0000000000E+00
23  0.2701605345E-03  0.3998321715E-03  0.2190541501E-03  0.2943174921E-03  0.6554239605E-03  0.8651690498E-01 -0.3011141379E+00  0.1732052626E+00  0.3126386580E+00  0.1390951502E+00  0.1300070302E+03 -0.3052294164E+00  0.6343907841E-01  0.7063924022E-01  0.8651690498E-01 -0.3011141379E+00  0.0000000000E+00  0.0000000000E+00  0.1732052626E+00  0.3126386580E+00  0.1390951502E+00  0.0000000000E+00  0.0000000000E+00  0.0000000000E+00 -0.3052294164E+00  0.6343907841E-01  0.7063924022E-01  0.0000000000E+00  0.0000000000E+00  0.0000000000E+00
24  0.2433835459E-03  0.3614358627E-03  0.1829762687E-03  0.2871420175E-03  0.5997373775E-03  0.9583884303E-01 -0.2331533612E+00  0.3411687346E-01  0.9476699554E-01 -0.3095041498E-02  0.1332968302E+03 -0.2378496501E+00 -0.1980213247E-02  0.8350519512E-01  0.9583884303E-01 -0.2331533612E+00  0.0000000000E+00  0.0000000000E+00  0.3411687346E-01  0.9476699554E-01 -0.3095041498E-02  0.0000000000E+00  0.0000000000E+00  0.0000000000E+00 -0.2378496501E+00 -0.1980213247E-02  0.8350519512E-01  0.0000000000E+00  0.0000000000E+00  0.0000000000E+00
25  0.2201627644E-03  0.3328375000E-03  0.1682909647E-03  0.2799774093E-03  0.5509363418E-03  0.9009130103E-01 -0.1212492709E+00 -0.1599788122E+00 -0.2227582253E+00 -0.1754480132E+00  0.1365368302E+03 -0.1257981174E+00 -0.8116551939E-01  0.8362213749E-01  0.9009130103E-01 -0.1212492709E+00  0.0000000000E+00  0.0000000000E+00 -0.1599788122E+00 -0.2227582253E+00 -0.1754480132E+00  0.0000000000E+00  0.0000000000E+00  0.0000000000E+00 -0.1257981174E+00 -0.8116551939E-01  0.8362213749E-01  0.0000000000E+00  0.0000000000E+00  0.0000000000E+00
26  0.1991733465E-03  0.3114919018E-03  0.1677625757E-03  0.2631714765E-03  0.5001013542E-03  0.6306789658E-01  0.3293742602E-01 -0.3509160234E+00 -0.6344183568E+00 -0.3442515542E+00  0.1399884302E+03  0.2959156774E-01 -0.1571554633E+00  0.6470527590E-01  0.6306789658E-01  0.3293742602E-01  0.0000000000E+00  0.0000000000E+00 -0.3509160234E+00 -0.6344183568E+00 -0.3442515542E+00  0.0000000000E+00  0.0000000000E+00  0.0000000000E+00  0.2959156774E-01 -0.1571554633E+00  0.6470527590E-01  0.0000000000E+00  0.0000000000E+00  0.0000000000E+00
27  0.1791665744E-03  0.2935573012E-03  0.1692382336E-03  0.2379403111E-03  0.4479765852E-03  0.1711555365E-01  0.2034402948E+00 -0.4701319365E+00 -0.1070059325E+01 -0.4585886593E+00  0.1432621302E+03  0.2022657281E+00 -0.2057262342E+00  0.2773933974E-01  0.1711555365E-01  0.2034402948E+00  0.0000000000E+00  0.0000000000E+00 -0.4701319365E+00 -0.1070059325E+01 -0.4585886593E+00  0.0000000000E+00  0.0000000000E+00  0.0000000000E+00  0.2022657281E+00 -0.2057262342E+00  0.2773933974E-01  0.0000000000E+00  0.0000000000E+00  0.0000000000E+00
28  0.1600423706E-03  0.2754222798E-03  0.1650318358E-03  0.2118302368E-03  0.3969906921E-03 -0.4394096562E-01  0.3783980630E+00 -0.4932086041E+00 -0.1495822078E+01 -0.4976201162E+00  0.1465640302E+03  0.3801791740E+00 -0.2169636719E+00 -0.2407692159E-01 -0.4394096562E-01  0.3783980630E+00  0.0000000000E+00  0.0000000000E+00 -0.4932086041E+00 -0.1495822078E+01 -0.4976201162E+00  0.0000000000E+00  0.0000000000E+00  0.0000000000E+00  0.3801791740E+00 -0.2169636719E+00 -0.2407692159E-01  0.0000000000E+00  0.0000000000E+00  0.0000000000E+00
29  0.1408431335E-03  0.2565456229E-03  0.1555139311E-03  0.1898658668E-03  0.3495309963E-03 -0.1063433207E+00  0.5269749638E+00 -0.4215117885E+00 -0.1833251390E+01 -0.4533583839E+00  0.1497878120E+03  0.5318183423E+00 -0.1885615372E+00 -0.7861784221E-01 -0.1063433207E+00  0.5269749638E+00  0.0000000000E+00  0.0000000000E+00 -0.4215117885E+00 -0.1833251390E+01 -0.4533583839E+00  0.0000000000E+00  0.0000000000E+00  0.0000000000E+00  0.5318183423E+00 -0.1885615372E+00 -0.7861784221E-01  0.0000000000E+00  0.0000000000E+00  0.0000000000E+00
30  0.1220593940E-03  0.2370242979E-03  0.1435328871E-03  0.1724738594E-03  0.3062345801E-03 -0.1596226430E+00  0.6335930079E+00 -0.2854741931E+00 -0.2047598260E+01 -0.3435101094E+00  0.1527099802E+03  0.6410786944E+00 -0.1297959223E+00 -0.1262441898E+00 -0.1596226430E+00  0.6335930079E+00  0.0000000000E+00  0.0000000000E+00 -0.2854741931E+00 -0.2047598260E+01 -0.3435101094E+00  0.0000000000E+00  0.0000000000E+00  0.0000000000E+00  0.6410786944E+00 -0.1297959223E+00 -0.1262441898E+00  0.0000000000E+00  0.0000000000E+00  0.0000000000E+00
31  0.1045061425E-03  0.2180766453E-03  0.1314769895E-03  0.1567740457E-03  0.2684321581E-03 -0.1962168885E+00  0.6895290232E+00 -0.1200644218E+00 -0.2124336911E+01 -0.1942646246E+00  0.1556610302E+03  0.6988532462E+00 -0.5358580186E-01 -0.1598608193E+00 -0.1962168885E+00  0.6895290232E+00  0.0000000000E+00  0.0000000000E+00 -0.1200644218E+00 -0.2124336911E+01 -0.1942646246E+00  0.0000000000E+00  0.0000000000E+00  0.0000000000E+00  0.6988532462E+00 -0.5358580186E-01 -0.1598608193E+00  0.0000000000E+00  0.0000000000E+00  0.0000000000E+00
32  0.8863715176E-04  0.2006764687E-03  0.1198549102E-03  0.1412784594E-03  0.2357482426E-03 -0.2126414657E+00  0.6906568147E+00  0.6427774069E-01 -0.2052200049E+01 -0.1394789079E-01  0.1587256302E+03  0.7008390880E+00  0.3624003125E-01 -0.1762038631E+00 -0.2126414657E+00  0.6906568147E+00  0.0000000000E+00  0.0000000000E+00  0.6427774069E-01 -0.2052200049E+01 -0.1394789079E-01  0.0000000000E+00  0.0000000000E+00  0.0000000000E+00  0.7008390880E+00  0.3624003125E-01 -0.1762038631E+00  0.0000000000E+00  0.0000000000E+00  0.0000000000E+00
33  0.7416189274E-04  0.1859358740E-03  0.1084813107E-03  0.1264990367E-03  0.2081994291E-03 -0.2037467638E+00  0.6347221012E+00  0.2225542322E+00 -0.1842457633E+01  0.1530070119E+00  0.1617511302E+03  0.6445155184E+00  0.1184900039E+00 -0.1702487479E+00 -0.2037467638E+00  0.6347221012E+00  0.0000000000E+00  0.0000000000E+00  0.2225542322E+00 -0.1842457633E+01  0.1530070119E+00  0.0000000000E+00  0.0000000000E+00  0.0000000000E+00  0.6445155184E+00  0.1184900039E+00 -0.1702487479E+00  0.0000000000E+00  0.0000000000E+00  0.0000000000E+00
34  0.6230608409E-04  0.1735160872E-03  0.9778949374E-04  0.1142421440E-03  0.1843480943E-03 -0.1731702021E+00  0.5337473736E+00  0.3454413045E+00 -0.1533856299E+01  0.2870472156E+00  0.1651788302E+03  0.5420789195E+00  0.1849283679E+00 -0.1449986991E+00 -0.1731702021E+00  0.5337473736E+00  0.0000000000E+00  0.0000000000E+00  0.3454413045E+00 -0.1533856299E+01  0.2870472156E+00  0.0000000000E+00  0.0000000000E+00  0.0000000000E+00  0.5420789195E+00  0.1849283679E+00 -0.1449986991E+00  0.0000000000E+00  0.0000000000E+00  0.0000000000E+00
35  0.5335951512E-04  0.1635616946E-03  0.8867748913E-04  0.1052586604E-03  0.1652086242E-03 -0.1272878723E+00  0.4042859732E+00  0.4321348706E+00 -0.1175359849E+01  0.3757983705E+00  0.1686974302E+03  0.4103936458E+00  0.2308645977E+00 -0.1059547357E+00 -0.1272878723E+00  0.4042859732E+00  0.0000000000E+00  0.0000000000E+00  0.4321348706E+00 -0.1175359849E+01  0.3757983705E+00  0.0000000000E+00  0.0000000000E+00  0.0000000000E+00  0.4103936458E+00  0.2308645977E+00 -0.1059547357E+00  0.0000000000E+00  0.0000000000E+00  0.0000000000E+00
36  0.4638245810E-04  0.1555516839E-03  0.8150902193E-04  0.9869386158E-04  0.1499536171E-03 -0.6846721235E-01  0.2511862004E+00  0.4872821093E+00 -0.7891869589E+00  0.4104335180E+00  0.1722971802E+03  0.2544252555E+00  0.2544909495E+00 -0.5522731042E-01 -0.6846721235E-01  0.2511862004E+00  0.0000000000E+00  0.0000000000E+00  0.4872821093E+00 -0.7891869589E+00  0.4104335180E+00  0.0000000000E+00  0.0000000000E+00  0.0000000000E+00  0.2544252555E+00  0.2544909495E+00 -0.5522731042E-01  0.0000000000E+00  0.0000000000E+00  0.0000000000E+00
37  0.4078185515E-04  0.1492499358E-03  0.7587303551E-04  0.9317987291E-04  0.1394668584E-03 -0.1175506367E-01  0.1127104849E+00  0.5034558070E+00 -0.4785466705E+00  0.3786657957E+00  0.1758676052E+03  0.1131712316E+00  0.2494686135E+00 -0.5840142759E-02 -0.1175506367E-01  0.1127104849E+00  0.0000000000E+00  0.0000000000E+00  0.5034558070E+00 -0.4785466705E+00  0.3786657957E+00  0.0000000000E+00  0.0000000000E+00  0.0000000000E+00  0.1131712316E+00  0.2494686135E+00 -0.5840142759E-02  0.0000000000E+00  0.0000000000E+00  0.0000000000E+00
38  0.3579520726E-04  0.1425678543E-03  0.7028773094E-04  0.8698605478E-04  0.1299402915E-03  0.3387123735E-01  0.1041187446E-01  0.4804089854E+00 -0.2925434869E+00  0.2868708794E+00  0.1791388302E+03  0.8624921749E-02  0.2177102243E+00  0.3436973340E-01  0.3387123735E-01  0.1041187446E-01  0.0000000000E+00  0.0000000000E+00  0.4804089854E+00 -0.2925434869E+00  0.2868708794E+00  0.0000000000E+00  0.0000000000E+00  0.0000000000E+00  0.8624921749E-02  0.2177102243E+00  0.3436973340E-01  0.0000000000E+00  0.0000000000E+00  0.0000000000E+00
39  0.3165925660E-04  0.1353023710E-03  0.6413305915E-04  0.8022340956E-04  0.1212534988E-03  0.6265305160E-01 -0.4204526945E-01  0.4207330847E+00 -0.2533655395E+00  0.1518543418E+00  0.1823105609E+03 -0.4526665524E-01  0.1650358323E+00  0.6036670839E-01  0.6265305160E-01 -0.4204526945E-01  0.0000000000E+00  0.0000000000E+00  0.4207330847E+00 -0.2533655395E+00  0.1518543418E+00  0.0000000000E+00  0.0000000000E+00  0.0000000000E+00 -0.4526665524E-01  0.1650358323E+00  0.6036670839E-01  0.0000000000E+00  0.0000000000E+00  0.0000000000E+00
40  0.2804287200E-04  0.1276324963E-03  0.5784006798E-04  0.7371807771E-04  0.1124296709E-03  0.7233056721E-01 -0.3761263668E-01  0.3246238012E+00 -0.3670649932E+00 -0.1203938030E-01  0.1852025802E+03 -0.4134657927E-01  0.9550392806E-01  0.7026294738E-01  0.7233056721E-01 -0.3761263668E-01  0.0000000000E+00  0.0000000000E+00  0.3246238012E+00 -0.3670649932E+00 -0.1203938030E-01  0.0000000000E+00  0.0000000000E+00  0.0000000000E+00 -0.4134657927E-01  0.9550392806E-01  0.7026294738E-01  0.0000000000E+00  0.0000000000E+00  0.0000000000E+00
41  0.2512836092E-04  0.1202243719E-03  0.5218375431E-04  0.6814803060E-04  0.1046732086E-03  0.6291055899E-01  0.1829876287E-01  0.2164177491E+00 -0.5901632832E+00 -0.1561001856E+00  0.1880973802E+03  0.1498120079E-01  0.2863960118E-01  0.6378202551E-01  0.6291055899E-01  0.1829876287E-01  0.0000000000E+00  0.0000000000E+00  0.2164177491E+00 -0.5901632832E+00 -0.1561001856E+00  0.0000000000E+00  0.0000000000E+00  0.0000000000E+00  0.1498120079E-01  0.2863960118E-01  0.6378202551E-01  0.0000000000E+00  0.0000000000E+00  0.0000000000E+00
42  0.2240214578E-04  0.1124040015E-03  0.4746435111E-04  0.6335856315E-04  0.9621035106E-04  0.4029195950E-01  0.1057618938E+00  0.1200243468E+00 -0.8571475055E+00 -0.2509898255E+00  0.1913253302E+03  0.1035082325E+00 -0.2197492713E-01  0.4577189061E-01  0.4029195950E-01  0.1057618938E+00  0.0000000000E+00  0.0000000000E+00  0.1200243468E+00 -0.8571475055E+00 -0.2509898255E+00  0.0000000000E+00  0.0000000000E+00  0.0000000000E+00  0.1035082325E+00 -0.2197492713E-01  0.4577189061E-01  0.0000000000E+00  0.0000000000E+00  0.0000000000E+00
43  0.2036209508E-04  0.1045075891E-03  0.4337814491E-04  0.5904409905E-04  0.8882717731E-04  0.1138606125E-01  0.2017637974E+00  0.5572824545E-01 -0.1104060371E+01 -0.2824667695E+00  0.1946313302E+03  0.2008913868E+00 -0.4771848093E-01  0.2192995833E-01  0.1138606125E-01  0.2017637974E+00  0.0000000000E+00  0.0000000000E+00  0.5572824545E-01 -0.1104060371E+01 -0.2824667695E+00  0.0000000000E+00  0.0000000000E+00  0.0000000000E+00  0.2008913868E+00 -0.4771848093E-01  0.2192995833E-01  0.0000000000E+00  0.0000000000E+00  0.0000000000E+00
44  0.1888487028E-04  0.9688844730E-04  0.3957658548E-04  0.5497167995E-04  0.8270199533E-04 -0.1955718152E-01  0.2909289833E+00  0.3511331332E-01 -0.1292732515E+01 -0.2501654672E+00  0.1980687302E+03  0.2915538190E+00 -0.4554976791E-01 -0.4304332539E-02 -0.1955718152E-01  0.2909289833E+00  0.0000000000E+00  0.0000000000E+00  0.3511331332E-01 -0.1292732515E+01 -0.2501654672E+00  0.0000000000E+00  0.0000000000E+00  0.0000000000E+00  0.2915538190E+00 -0.4554976791E-01 -0.4304332539E-02  0.0000000000E+00  0.0000000000E+00  0.0000000000E+00
45  0.1793731746E-04  0.9012328044E-04  0.3595040932E-04  0.5116091852E-04  0.7816842629E-04 -0.4563694382E-01  0.3524386916E+00  0.6233284516E-01 -0.1379506818E+01 -0.1667222634E+00  0.2015285302E+03  0.3543441397E+00 -0.1744276242E-01 -0.2712918404E-01 -0.4563694382E-01  0.3524386916E+00  0.0000000000E+00  0.0000000000E+00  0.6233284516E-01 -0.1379506818E+01 -0.1667222634E+00  0.0000000000E+00  0.0000000000E+00  0.0000000000E+00  0.3543441397E+00 -0.1744276242E-01 -0.2712918404E-01  0.0000000000E+00  0.0000000000E+00  0.0000000000E+00
46  0.1672592030E-04  0.8380612114E-04  0.3245379007E-04  0.4744011244E-04  0.7281183658E-04 -0.6440388690E-01  0.3821241731E+00  0.1245719991E+00 -0.1369036980E+01 -0.5720977461E-01  0.2047194302E+03  0.3849711242E+00  0.2727159897E-01 -0.4431678961E-01 -0.6440388690E-01  0.3821241731E+00  0.0000000000E+00  0.0000000000E+00  0.1245719991E+00 -0.1369036980E+01 -0.5720977461E-01  0.0000000000E+00  0.0000000000E+00  0.0000000000E+00  0.3849711242E+00  0.2727159897E-01 -0.4431678961E-01  0.0000000000E+00  0.0000000000E+00  0.0000000000E+00
47  0.1557841144E-04  0.7798146913E-04  0.2911867802E-04  0.4373708005E-04  0.6752095099E-04 -0.7530655483E-01  0.3834254396E+00  0.2030390655E+00 -0.1286774002E+01  0.5188221587E-01  0.2078506302E+03  0.3868412089E+00  0.7724180246E-01 -0.5513641279E-01 -0.7530655483E-01  0.3834254396E+00  0.0000000000E+00  0.0000000000E+00  0.2030390655E+00 -0.1286774002E+01  0.5188221587E-01  0.0000000000E+00  0.0000000000E+00  0.0000000000E+00  0.3868412089E+00  0.7724180246E-01 -0.5513641279E-01  0.0000000000E+00  0.0000000000E+00  0.0000000000E+00
48  0.1472345524E-04  0.7256404643E-04  0.2600973190E-04  0.3998532073E-04  0.6295197185E-04 -0.7907261565E-01  0.3627541889E+00  0.2837068532E+00 -0.1159735665E+01  0.1444235642E+00  0.2111081302E+03  0.3663953879E+00  0.1248563544E+00 -0.5997916202E-01 -0.7907261565E-01  0.3627541889E+00  0.0000000000E+00  0.0000000000E+00  0.2837068532E+00 -0.1159735665E+01  0.1444235642E+00  0.0000000000E+00  0.0000000000E+00  0.0000000000E+00  0.3663953879E+00  0.1248563544E+00 -0.5997916202E-01  0.0000000000E+00  0.0000000000E+00  0.0000000000E+00
49  0.1442264062E-04  0.6768478470E-04  0.2324427347E-04  0.3632357046E-04  0.5986747165E-04 -0.7616944015E-01  0.3294633874E+00  0.3461543663E+00 -0.1033365045E+01  0.1970643691E+00  0.2142255302E+03  0.3329982698E+00  0.1584912306E+00 -0.5882227115E-01 -0.7616944015E-01  0.3294633874E+00  0.0000000000E+00  0.0000000000E+00  0.3461543663E+00 -0.1033365045E+01  0.1970643691E+00  0.0000000000E+00  0.0000000000E+00  0.0000000000E+00  0.3329982698E+00  0.1584912306E+00 -0.5882227115E-01  0.0000000000E+00  0.0000000000E+00  0.0000000000E+00
50  0.1411503129E-04  0.6293822245E-04  0.2090339018E-04  0.3293390937E-04  0.5655408908E-04 -0.6828987019E-01  0.2923192374E+00  0.3833442059E+00 -0.9378096485E+00  0.2063935383E+00  0.2173348302E+03  0.2954926397E+00  0.1746590194E+00 -0.5289747448E-01 -0.6828987019E-01  0.2923192374E+00  0.0000000000E+00  0.0000000000E+00  0.3833442059E+00 -0.9378096485E+00  0.2063935383E+00  0.0000000000E+00  0.0000000000E+00  0.0000000000E+00  0.2954926397E+00  0.1746590194E+00 -0.5289747448E-01  0.0000000000E+00  0.0000000000E+00  0.0000000000E+00
51  0.1372741900E-04  0.5839016469E-04  0.1896951834E-04  0.2996387628E-04  0.5301815573E-04 -0.5721626671E-01  0.2575044002E+00  0.3958165501E+00 -0.8872319384E+00  0.1790910723E+00  0.2201685302E+03  0.2601459674E+00  0.1742331404E+00 -0.4366111479E-01 -0.5721626671E-01  0.2575044002E+00  0.0000000000E+00  0.0000000000E+00  0.3958165501E+00 -0.8872319384E+00  0.1790910723E+00  0.0000000000E+00  0.0000000000E+00  0.0000000000E+00  0.2601459674E+00  0.1742331404E+00 -0.4366111479E-01  0.0000000000E+00  0.0000000000E+00  0.0000000000E+00
52  0.1314232973E-04  0.5398777302E-04  0.1721062474E-04  0.2722503389E-04  0.4927444904E-04 -0.4474395918E-01  0.2286701530E+00  0.3891032525E+00 -0.8800517719E+00  0.1284586440E+00  0.2231433302E+03  0.2306984864E+00  0.1612294493E+00 -0.3271496802E-01 -0.4474395918E-01  0.2286701530E+00  0.0000000000E+00  0.0000000000E+00  0.3891032525E+00 -0.8800517719E+00  0.1284586440E+00  0.0000000000E+00  0.0000000000E+00  0.0000000000E+00  0.2306984864E+00  0.1612294493E+00 -0.3271496802E-01  0.0000000000E+00  0.0000000000E+00  0.0000000000E+00
53  0.1240002645E-04  0.4962136770E-04  0.1530194439E-04  0.2437366612E-04  0.4561178818E-04 -0.3260377684E-01  0.2075980241E+00  0.3705285608E+00 -0.9034903666E+00  0.7003538769E-01  0.2261789802E+03  0.2090198681E+00  0.1411320677E+00 -0.2169425339E-01 -0.3260377684E-01  0.2075980241E+00  0.0000000000E+00  0.0000000000E+00  0.3705285608E+00 -0.9034903666E+00  0.7003538769E-01  0.0000000000E+00  0.0000000000E+00  0.0000000000E+00  0.2090198681E+00  0.1411320677E+00 -0.2169425339E-01  0.0000000000E+00  0.0000000000E+00  0.0000000000E+00
54  0.1156697703E-04  0.4525227731E-04  0.1316311918E-04  0.2131562483E-04  0.4217518053E-04 -0.2160580099E-01  0.1942988637E+00  0.3445940252E+00 -0.9436921020E+00  0.1358363030E-01  0.2291303302E+03  0.1951633441E+00  0.1174668269E+00 -0.1140737416E-01 -0.2160580099E-01  0.1942988637E+00  0.0000000000E+00  0.0000000000E+00  0.3445940252E+00 -0.9436921020E+00  0.1358363030E-01  0.0000000000E+00  0.0000000000E+00  0.0000000000E+00  0.1951633441E+00  0.1174668269E+00 -0.1140737416E-01  0.0000000000E+00  0.0000000000E+00  0.0000000000E+00
55  0.1075549755E-04  0.4111208155E-04  0.1112464004E-04  0.1836465674E-04  0.3920400634E-04 -0.1424194447E-01  0.1907409311E+00  0.3180805705E+00 -0.9799839776E+00 -0.2453610183E-01  0.2322145302E+03  0.1912248931E+00  0.9699493714E-01 -0.4239817355E-02 -0.1424194447E-01  0.1907409311E+00  0.0000000000E+00  0.0000000000E+00  0.3180805705E+00 -0.9799839776E+00 -0.2453610183E-01  0.0000000000E+00  0.0000000000E+00  0.0000000000E+00  0.1912248931E+00  0.9699493714E-01 -0.4239817355E-02  0.0000000000E+00  0.0000000000E+00  0.0000000000E+00
56  0.9836945368E-05  0.3710703834E-04  0.9864224691E-05  0.1610180336E-04  0.3560655166E-04 -0.1113572316E-01  0.1958705756E+00  0.2943647827E+00 -0.1001912418E+01 -0.4124735295E-01  0.2350304302E+03  0.1961849405E+00  0.8254216989E-01 -0.8693881625E-03 -0.1113572316E-01  0.1958705756E+00  0.0000000000E+00  0.0000000000E+00  0.2943647827E+00 -0.1001912418E+01 -0.4124735295E-01  0.0000000000E+00  0.0000000000E+00  0.0000000000E+00  0.1961849405E+00  0.8254216989E-01 -0.8693881625E-03  0.0000000000E+00  0.0000000000E+00  0.0000000000E+00
57  0.9015963677E-05  0.3342188655E-04  0.9560154271E-05  0.1477033634E-04  0.3179925908E-04 -0.1210733147E-01  0.2078841020E+00  0.2752662226E+00 -0.1008410746E+01 -0.3892470199E-01  0.2378446302E+03  0.2082328529E+00  0.7509773187E-01 -0.1210925525E-02 -0.1210733147E-01  0.2078841020E+00  0.0000000000E+00  0.0000000000E+00  0.2752662226E+00 -0.1008410746E+01 -0.3892470199E-01  0.0000000000E+00  0.0000000000E+00  0.0000000000E+00  0.2082328529E+00  0.7509773187E-01 -0.1210925525E-02  0.0000000000E+00  0.0000000000E+00  0.0000000000E+00
58  0.8381186597E-05  0.3009829030E-04  0.9553563879E-05  0.1395329092E-04  0.2835304238E-04 -0.1634913004E-01  0.2244005710E+00  0.2618341245E+00 -0.1005048166E+01 -0.2293731272E-01  0.2406264302E+03  0.2249486852E+00  0.7430930086E-01 -0.4582505667E-02 -0.1634913004E-01  0.2244005710E+00  0.0000000000E+00  0.0000000000E+00  0.2618341245E+00 -0.1005048166E+01 -0.2293731272E-01  0.0000000000E+00  0.0000000000E+00  0.0000000000E+00  0.2249486852E+00  0.7430930086E-01 -0.4582505667E-02  0.0000000000E+00  0.0000000000E+00  0.0000000000E+00
59  0.7956776339E-05  0.2713989838E-04  0.9156782901E-05  0.1308110753E-04  0.2590763122E-04 -0.2269175188E-01  0.2426416999E+00  0.2549299763E+00 -0.9997188952E+00  0.4365286079E-03  0.2438711802E+03  0.2434967624E+00  0.7898419643E-01 -0.9961768239E-02 -0.2269175188E-01  0.2426416999E+00  0.0000000000E+00  0.0000000000E+00  0.2549299763E+00 -0.9997188952E+00  0.4365286079E-03  0.0000000000E+00  0.0000000000E+00  0.0000000000E+00  0.2434967624E+00  0.7898419643E-01 -0.9961768239E-02  0.0000000000E+00  0.0000000000E+00  0.0000000000E+00
60  0.7620189848E-05  0.2462096230E-04  0.8243885235E-05  0.1198474359E-04  0.2448183435E-04 -0.3036156661E-01  0.2607481996E+00  0.2557433376E+00 -0.9988251687E+00  0.2714716600E-01  0.2474467302E+03  0.2619798549E+00  0.8824441254E-01 -0.1667345078E-01 -0.3036156661E-01  0.2607481996E+00  0.0000000000E+00  0.0000000000E+00  0.2557433376E+00 -0.9988251687E+00  0.2714716600E-01  0.0000000000E+00  0.0000000000E+00  0.0000000000E+00  0.2619798549E+00  0.8824441254E-01 -0.1667345078E-01  0.0000000000E+00  0.0000000000E+00  0.0000000000E+00
61  0.7268903903E-05  0.2277369661E-04  0.7186622833E-05  0.1091982142E-04  0.2373637366E-04 -0.3758440054E-01  0.2742647558E+00  0.2647487179E+00 -0.1005812956E+01  0.5028877453E-01  0.2506035057E+03  0.2758559010E+00  0.9956193085E-01 -0.2317898417E-01 -0.3758440054E-01  0.2742647558E+00  0.0000000000E+00  0.0000000000E+00  0.2647487179E+00 -0.1005812956E+01  0.5028877453E-01  0.0000000000E+00  0.0000000000E+00  0.0000000000E+00  0.2758559010E+00  0.9956193085E-01 -0.2317898417E-01  0.0000000000E+00  0.0000000000E+00  0.0000000000E+00
62  0.6743861853E-05  0.2141918408E-04  0.6519753825E-05  0.1012482934E-04  0.2245693933E-04 -0.4328598921E-01  0.2810135363E+00  0.2804204176E+00 -0.1018684295E+01  0.6650506904E-01  0.2537561302E+03  0.2828938307E+00  0.1107520480E+00 -0.2851955513E-01 -0.4328598921E-01  0.2810135363E+00  0.0000000000E+00  0.0000000000E+00  0.2804204176E+00 -0.1018684295E+01  0.6650506904E-01  0.0000000000E+00  0.0000000000E+00  0.0000000000E+00  0.2828938307E+00  0.1107520480E+00 -0.2851955513E-01  0.0000000000E+00  0.0000000000E+00  0.0000000000E+00
63  0.6254390831E-05  0.2039793584E-04  0.6435357484E-05  0.9684635310E-05  0.2083235765E-04 -0.4675198619E-01  0.2802565351E+00  0.2996957626E+00 -0.1032146196E+01  0.7437252252E-01  0.2568000302E+03  0.2823192632E+00  0.1199321119E+00 -0.3202042046E-01 -0.4675198619E-01  0.2802565351E+00  0.0000000000E+00  0.0000000000E+00  0.2996957626E+00 -0.1032146196E+01  0.7437252252E-01  0.0000000000E+00  0.0000000000E+00  0.0000000000E+00  0.2823192632E+00  0.1199321119E+00 -0.3202042046E-01  0.0000000000E+00  0.0000000000E+00  0.0000000000E+00
64  0.5905436557E-05  0.1947960993E-04  0.6597771374E-05  0.9456929602E-05  0.1926107590E-04 -0.4765222676E-01  0.2728381297E+00  0.3186607351E+00 -0.1040309632E+01  0.7424434007E-01  0.2595563302E+03  0.2749581394E+00  0.1258173928E+00 -0.3330767662E-01 -0.4765222676E-01  0.2728381297E+00  0.0000000000E+00  0.0000000000E+00  0.3186607351E+00 -0.1040309632E+01  0.7424434007E-01  0.0000000000E+00  0.0000000000E+00  0.0000000000E+00  0.2749581394E+00  0.1258173928E+00 -0.3330767662E-01  0.0000000000E+00  0.0000000000E+00  0.0000000000E+00
65  0.5676508430E-05  0.1850426979E-04  0.6586497546E-05  0.9214886121E-05  0.1810267600E-04 -0.4605882592E-01  0.2609388951E+00  0.3335272401E+00 -0.1039187297E+01  0.6781809201E-01  0.2623749589E+03  0.2629918201E+00  0.1278664084E+00 -0.3233921730E-01 -0.4605882592E-01  0.2609388951E+00  0.0000000000E+00  0.0000000000E+00  0.3335272401E+00 -0.1039187297E+01  0.6781809201E-01  0.0000000000E+00  0.0000000000E+00  0.0000000000E+00  0.2629918201E+00  0.1278664084E+00 -0.3233921730E-01  0.0000000000E+00  0.0000000000E+00  0.0000000000E+00
66  0.5439073640E-05  0.1742645906E-04  0.6212842814E-05  0.8798394758E-05  0.1730335920E-04 -0.4217284073E-01  0.2466340681E+00  0.3418386919E+00 -0.1027169398E+01  0.5681333059E-01  0.2656678302E+03  0.2485032207E+00  0.1260778652E+00 -0.2920721452E-01 -0.4217284073E-01  0.2466340681E+00  0.0000000000E+00  0.0000000000E+00  0.3418386919E+00 -0.1027169398E+01  0.5681333059E-01  0.0000000000E+00  0.0000000000E+00  0.0000000000E+00  0.2485032207E+00  0.1260778652E+00 -0.2920721452E-01  0.0000000000E+00  0.0000000000E+00  0.0000000000E+00
67  0.5109274882E-05  0.1633782529E-04  0.5527237347E-05  0.8190525870E-05  0.1666179125E-04 -0.3697442322E-01  0.2341975176E+00  0.3412383750E+00 -0.1007536883E+01  0.4462708929E-01  0.2690053802E+03  0.2358116498E+00  0.1211784485E+00 -0.2466680003E-01 -0.3697442322E-01  0.2341975176E+00  0.0000000000E+00  0.0000000000E+00  0.3412383750E+00 -0.1007536883E+01  0.4462708929E-01  0.0000000000E+00  0.0000000000E+00  0.0000000000E+00  0.2358116498E+00  0.1211784485E+00 -0.2466680003E-01  0.0000000000E+00  0.0000000000E+00  0.0000000000E+00
68  0.4628967775E-05  0.1516242177E-04  0.4725854785E-05  0.7435229825E-05  0.1557237996E-04 -0.3165911759E-01  0.2263755390E+00  0.3329619957E+00 -0.9865740329E+00  0.3401612874E-01  0.2720303302E+03  0.2277222093E+00  0.1146797930E+00 -0.1976814957E-01 -0.3165911759E-01  0.2263755390E+00  0.0000000000E+00  0.0000000000E+00  0.3329619957E+00 -0.9865740329E+00  0.3401612874E-01  0.0000000000E+00  0.0000000000E+00  0.0000000000E+00  0.2277222093E+00  0.1146797930E+00 -0.1976814957E-01  0.0000000000E+00  0.0000000000E+00  0.0000000000E+00
69  0.4149053364E-05  0.1394715549E-04  0.4155727152E-05  0.6745577061E-05  0.1413688127E-04 -0.2739789197E-01  0.2244048116E+00  0.3200837823E+00 -0.9709011595E+00  0.2692757705E-01  0.2750217302E+03  0.2255311675E+00  0.1082807611E+00 -0.1561590371E-01 -0.2739789197E-01  0.2244048116E+00  0.0000000000E+00  0.0000000000E+00  0.3200837823E+00 -0.9709011595E+00  0.2692757705E-01  0.0000000000E+00  0.0000000000E+00  0.0000000000E+00  0.2255311675E+00  0.1082807611E+00 -0.1561590371E-01  0.0000000000E+00  0.0000000000E+00  0.0000000000E+00
70  0.3753933475E-05  0.1269937762E-04  0.4007708404E-05  0.6295484550E-05  0.1252907387E-04 -0.2505970022E-01  0.2278905904E+00  0.3064810755E+00 -0.9651368136E+00  0.2423018705E-01  0.2781352302E+03  0.2288897976E+00  0.1034563893E+00 -0.1309848481E-01 -0.2505970022E-01  0.2278905904E+00  0.0000000000E+00  0.0000000000E+00  0.3064810755E+00 -0.9651368136E+00  0.2423018705E-01  0.0000000000E+00  0.0000000000E+00  0.0000000000E+00  0.2288897976E+00  0.1034563893E+00 -0.1309848481E-01  0.0000000000E+00  0.0000000000E+00  0.0000000000E+00
71  0.3475897654E-05  0.1141381528E-04  0.4067753818E-05  0.6032381096E-05  0.1105116807E-04 -0.2500639392E-01  0.2351490669E+00  0.2957335078E+00 -0.9704662154E+00  0.2572325225E-01  0.2811065302E+03  0.2361355368E+00  0.1011368559E+00 -0.1266537226E-01 -0.2500639392E-01  0.2351490669E+00  0.0000000000E+00  0.0000000000E+00  0.2957335078E+00 -0.9704662154E+00  0.2572325225E-01  0.0000000000E+00  0.0000000000E+00  0.0000000000E+00  0.2361355368E+00  0.1011368559E+00 -0.1266537226E-01  0.0000000000E+00  0.0000000000E+00  0.0000000000E+00
72  0.3273431762E-05  0.1012222377E-04  0.3993876828E-05  0.5751483975E-05  0.9942119489E-05 -0.2717548648E-01  0.2443177932E+00  0.2901536387E+00 -0.9854629255E+00  0.3067999423E-01  0.2843624302E+03  0.2454052192E+00  0.1016544571E+00 -0.1435163809E-01 -0.2717548648E-01  0.2443177932E+00  0.0000000000E+00  0.0000000000E+00  0.2901536387E+00 -0.9854629255E+00  0.3067999423E-01  0.0000000000E+00  0.0000000000E+00  0.0000000000E+00  0.2454052192E+00  0.1016544571E+00 -0.1435163809E-01  0.0000000000E+00  0.0000000000E+00  0.0000000000E+00
73  0.3082901263E-05  0.8926720652E-05  0.3650468598E-05  0.5324860979E-05  0.9257611949E-05 -0.3084634361E-01  0.2524071595E+00  0.2911716718E+00 -0.1004340878E+01  0.3735620764E-01  0.2875257302E+03  0.2536756171E+00  0.1046331406E+00 -0.1759409972E-01 -0.3084634361E-01  0.2524071595E+00  0.0000000000E+00  0.0000000000E+00  0.2911716718E+00 -0.1004340878E+01  0.3735620764E-01  0.0000000000E+00  0.0000000000E+00  0.0000000000E+00  0.2536756171E+00  0.1046331406E+00 -0.1759409972E-01  0.0000000000E+00  0.0000000000E+00  0.0000000000E+00
74  0.2838918924E-05  0.7912119911E-05  0.3110067649E-05  0.4744665148E-05  0.8662240203E-05 -0.3492730305E-01  0.2576016565E+00  0.2975499938E+00 -0.1020830262E+01  0.4397596063E-01  0.2904471302E+03  0.2590765762E+00  0.1089688565E+00 -0.2139760738E-01 -0.3492730305E-01  0.2576016565E+00  0.0000000000E+00  0.0000000000E+00  0.2975499938E+00 -0.1020830262E+01  0.4397596063E-01  0.0000000000E+00  0.0000000000E+00  0.0000000000E+00  0.2590765762E+00  0.1089688565E+00 -0.2139760738E-01  0.0000000000E+00  0.0000000000E+00  0.0000000000E+00
75  0.2591254135E-05  0.7135584047E-05  0.2674242021E-05  0.4201549330E-05  0.7977638617E-05 -0.3833275138E-01  0.2591920459E+00  0.3067657821E+00 -0.1030218986E+01  0.4910250346E-01  0.2933850302E+03  0.2608430135E+00  0.1133772539E+00 -0.2471515411E-01 -0.3833275138E-01  0.2591920459E+00  0.0000000000E+00  0.0000000000E+00  0.3067657821E+00 -0.1030218986E+01  0.4910250346E-01  0.0000000000E+00  0.0000000000E+00  0.0000000000E+00  0.2608430135E+00  0.1133772539E+00 -0.2471515411E-01  0.0000000000E+00  0.0000000000E+00  0.0000000000E+00
76  0.2378794868E-05  0.6554449750E-05  0.2589732962E-05  0.3885658003E-05  0.7152908758E-05 -0.4027223365E-01  0.2574972751E+00  0.3159744961E+00 -0.1030644950E+01  0.5192427516E-01  0.2961760802E+03  0.2592520699E+00  0.1167850389E+00 -0.2674067583E-01 -0.4027223365E-01  0.2574972751E+00  0.0000000000E+00  0.0000000000E+00  0.3159744961E+00 -0.1030644950E+01  0.5192427516E-01  0.0000000000E+00  0.0000000000E+00  0.0000000000E+00  0.2592520699E+00  0.1167850389E+00 -0.2674067583E-01  0.0000000000E+00  0.0000000000E+00  0.0000000000E+00
77  0.2229118355E-05  0.6058101620E-05  0.2706957176E-05  0.3763469593E-05  0.6370548463E-05 -0.4042928042E-01  0.2535462197E+00  0.3228769598E+00 -0.1023247842E+01  0.5231815377E-01  0.2989395302E+03  0.2553146485E+00  0.1185813623E+00 -0.2710428963E-01 -0.4042928042E-01  0.2535462197E+00  0.0000000000E+00  0.0000000000E+00  0.3228769598E+00 -0.1023247842E+01  0.5231815377E-01  0.0000000000E+00  0.0000000000E+00  0.0000000000E+00  0.2553146485E+00  0.1185813623E+00 -0.2710428963E-01  0.0000000000E+00  0.0000000000E+00  0.0000000000E+00
78  0.2125420487E-05  0.5565590439E-05  0.2708340964E-05  0.3632292902E-05  0.5862835648E-05 -0.3890182312E-01  0.2484355959E+00  0.3263000806E+00 -0.1010717308E+01  0.5061345058E-01  0.3020193302E+03  0.2501310877E+00  0.1186482016E+00 -0.2584639505E-01 -0.3890182312E-01  0.2484355959E+00  0.0000000000E+00  0.0000000000E+00  0.3263000806E+00 -0.1010717308E+01  0.5061345058E-01  0.0000000000E+00  0.0000000000E+00  0.0000000000E+00  0.2501310877E+00  0.1186482016E+00 -0.2584639505E-01  0.0000000000E+00  0.0000000000E+00  0.0000000000E+00
79  0.2022839614E-05  0.5090009348E-05  0.2464547305E-05  0.3367833340E-05  0.5674288535E-05 -0.3629118375E-01  0.2437906288E+00  0.3257740733E+00 -0.9980121151E+00  0.4758762087E-01  0.3054758302E+03  0.2453558560E+00  0.1172478964E+00 -0.2348243226E-01 -0.3629118375E-01  0.2437906288E+00  0.0000000000E+00  0.0000000000E+00  0.3257740733E+00 -0.9980121151E+00  0.4758762087E-01  0.0000000000E+00  0.0000000000E+00  0.0000000000E+00  0.2453558560E+00  0.1172478964E+00 -0.2348243226E-01  0.0000000000E+00  0.0000000000E+00  0.0000000000E+00
80  0.1872523976E-05  0.4654113567E-05  0.2045064748E-05  0.2983685050E-05  0.5487745058E-05 -0.3347482157E-01  0.2406761719E+00  0.3223359271E+00 -0.9891033182E+00  0.4418657745E-01  0.3084923302E+03  0.2420982704E+00  0.1150510671E+00 -0.2083292789E-01 -0.3347482157E-01  0.2406761719E+00  0.0000000000E+00  0.0000000000E+00  0.3223359271E+00 -0.9891033182E+00  0.4418657745E-01  0.0000000000E+00  0.0000000000E+00  0.0000000000E+00  0.2420982704E+00  0.1150510671E+00 -0.2083292789E-01  0.0000000000E+00  0.0000000000E+00  0.0000000000E+00
81  0.1699000109E-05  0.4286639556E-05  0.1714649915E-05  0.2652745267E-05  0.5097478218E-05 -0.3127141938E-01  0.2395834323E+00  0.3175577462E+00 -0.9860657599E+00  0.4123641836E-01  0.3115111552E+03  0.2408917111E+00  0.1127790206E+00 -0.1868973496E-01 -0.3127141938E-01  0.2395834323E+00  0.0000000000E+00  0.0000000000E+00  0.3175577462E+00 -0.9860657599E+00  0.4123641836E-01  0.0000000000E+00  0.0000000000E+00  0.0000000000E+00  0.2408917111E+00  0.1127790206E+00 -0.1868973496E-01  0.0000000000E+00  0.0000000000E+00  0.0000000000E+00
82  0.1530187354E-05  0.3950623094E-05  0.1668216005E-05  0.2498317079E-05  0.4477522055E-05 -0.3020779170E-01  0.2404279678E+00  0.3129938177E+00 -0.9887553622E+00  0.3930852330E-01  0.3144144302E+03  0.2416794233E+00  0.1110131132E+00 -0.1758336537E-01 -0.3020779170E-01  0.2404279678E+00  0.0000000000E+00  0.0000000000E+00  0.3129938177E+00 -0.9887553622E+00  0.3930852330E-01  0.0000000000E+00  0.0000000000E+00  0.0000000000E+00  0.2416794233E+00  0.1110131132E+00 -0.1758336537E-01  0.0000000000E+00  0.0000000000E+00  0.0000000000E+00
83  0.1398963032E-05  0.3579225069E-05  0.1743607885E-05  0.2435986872E-05  0.3844363715E-05 -0.3040712805E-01  0.2426752368E+00  0.3097821109E+00 -0.9952737447E+00  0.3867458765E-01  0.3173278302E+03  0.2439340449E+00  0.1100921191E+00 -0.1766481557E-01 -0.3040712805E-01  0.2426752368E+00  0.0000000000E+00  0.0000000000E+00  0.3097821109E+00 -0.9952737447E+00  0.3867458765E-01  0.0000000000E+00  0.0000000000E+00  0.0000000000E+00  0.2439340449E+00  0.1100921191E+00 -0.1766481557E-01  0.0000000000E+00  0.0000000000E+00  0.0000000000E+00
84  0.1308671098E-05  0.3156557604E-05  0.1696500284E-05  0.2309655949E-05  0.3457836149E-05 -0.3161685585E-01  0.2455458326E+00  0.3084712829E+00 -0.1002925542E+01  0.3931784742E-01  0.3205523302E+03  0.2468640189E+00  0.1100955771E+00 -0.1872265010E-01 -0.3161685585E-01  0.2455458326E+00  0.0000000000E+00  0.0000000000E+00  0.3084712829E+00 -0.1002925542E+01  0.3931784742E-01  0.0000000000E+00  0.0000000000E+00  0.0000000000E+00  0.2468640189E+00  0.1100955771E+00 -0.1872265010E-01  0.0000000000E+00  0.0000000000E+00  0.0000000000E+00
85  0.1227603967E-05  0.2743198281E-05  0.1474129386E-05  0.2076312085E-05  0.3316903416E-05 -0.3334249562E-01  0.2482408353E+00  0.3090444514E+00 -0.1009236720E+01  0.4097585367E-01  0.3239159302E+03  0.2496456413E+00  0.1108868418E+00 -0.2030487939E-01 -0.3334249562E-01  0.2482408353E+00  0.0000000000E+00  0.0000000000E+00  0.3090444514E+00 -0.1009236720E+01  0.4097585367E-01  0.0000000000E+00  0.0000000000E+00  0.0000000000E+00  0.2496456413E+00  0.1108868418E+00 -0.2030487939E-01  0.0000000000E+00  0.0000000000E+00  0.0000000000E+00
86  0.1127046135E-05  0.2422858663E-05  0.1195287163E-05  0.1817433248E-05  0.3177305912E-05 -0.3502829225E-01  0.2501333366E+00  0.3110626586E+00 -0.1012672522E+01  0.4320693620E-01  0.3267918302E+03  0.2516237767E+00  0.1121846226E+00 -0.2188931984E-01 -0.3502829225E-01  0.2501333366E+00  0.0000000000E+00  0.0000000000E+00  0.3110626586E+00 -0.1012672522E+01  0.4320693620E-01  0.0000000000E+00  0.0000000000E+00  0.0000000000E+00  0.2516237767E+00  0.1121846226E+00 -0.2188931984E-01  0.0000000000E+00  0.0000000000E+00  0.0000000000E+00
87  0.1009950404E-05  0.2215719057E-05  0.1045311882E-05  0.1640945217E-05  0.2874485483E-05 -0.3622300675E-01  0.2508876096E+00  0.3138531464E+00 -0.1012883922E+01  0.4547582966E-01  0.3294257302E+03  0.2524395426E+00  0.1136417732E+00 -0.2304292142E-01 -0.3622300675E-01  0.2508876096E+00  0.0000000000E+00  0.0000000000E+00  0.3138531464E+00 -0.1012883922E+01  0.4547582966E-01  0.0000000000E+00  0.0000000000E+00  0.0000000000E+00  0.2524395426E+00  0.1136417732E+00 -0.2304292142E-01  0.0000000000E+00  0.0000000000E+00  0.0000000000E+00
88  0.9046275369E-06  0.2059144767E-05  0.1063077916E-05  0.1561631967E-05  0.2462523422E-05 -0.3668614129E-01  0.2504915771E+00  0.3166887593E+00 -0.1010523373E+01  0.4726416800E-01  0.3320462302E+03  0.2520682914E+00  0.1149198645E+00 -0.2352614799E-01 -0.3668614129E-01  0.2504915771E+00  0.0000000000E+00  0.0000000000E+00  0.3166887593E+00 -0.1010523373E+01  0.4726416800E-01  0.0000000000E+00  0.0000000000E+00  0.0000000000E+00  0.2520682914E+00  0.1149198645E+00 -0.2352614799E-01  0.0000000000E+00  0.0000000000E+00  0.0000000000E+00
89  0.8321982526E-06  0.1885609929E-05  0.1092903908E-05  0.1498237911E-05  0.2131204339E-05 -0.3641606093E-01  0.2492104816E+00  0.3189394233E+00 -0.1006805760E+01  0.4818762686E-01  0.3347265302E+03  0.2507748166E+00  0.1157549522E+00 -0.2332348513E-01 -0.3641606093E-01  0.2492104816E+00  0.0000000000E+00  0.0000000000E+00  0.3189394233E+00 -0.1006805760E+01  0.4818762686E-01  0.0000000000E+00  0.0000000000E+00  0.0000000000E+00  0.2507748166E+00  0.1157549522E+00 -0.2332348513E-01  0.0000000000E+00  0.0000000000E+00  0.0000000000E+00
90  0.7820775763E-06  0.1687063256E-05  0.1022457893E-05  0.1384466998E-05  0.1998058131E-05 -0.3553313567E-01  0.2473385673E+00  0.3202295621E+00 -0.1002724610E+01  0.4805490880E-01  0.3379071302E+03  0.2488592591E+00  0.1160052916E+00 -0.2253973831E-01 -0.3553313567E-01  0.2473385673E+00  0.0000000000E+00  0.0000000000E+00  0.3202295621E+00 -0.1002724610E+01  0.4805490880E-01  0.0000000000E+00  0.0000000000E+00  0.0000000000E+00  0.2488592591E+00  0.1160052916E+00 -0.2253973831E-01  0.0000000000E+00  0.0000000000E+00  0.0000000000E+00
91  0.7293858927E-06  0.1511681832E-05  0.8590496872E-06  0.1229556991E-05  0.1984298055E-05 -0.3440170945E-01  0.2455637998E+00  0.3201638123E+00 -0.9998329893E+00  0.4687844540E-01  0.3412036302E+03  0.2470277095E+00  0.1155909403E+00 -0.2150274683E-01 -0.3440170945E-01  0.2455637998E+00  0.0000000000E+00  0.0000000000E+00  0.3201638123E+00 -0.9998329893E+00  0.4687844540E-01  0.0000000000E+00  0.0000000000E+00  0.0000000000E+00  0.2470277095E+00  0.1155909403E+00 -0.2150274683E-01  0.0000000000E+00  0.0000000000E+00  0.0000000000E+00
92  0.6515672449E-06  0.1385123471E-05  0.6905786317E-06  0.1079516273E-05  0.1867140743E-05 -0.3340509528E-01  0.2443785232E+00  0.3189675491E+00 -0.9986667768E+00  0.4511096021E-01  0.3441942099E+03  0.2457918985E+00  0.1147099326E+00 -0.2056953107E-01 -0.3340509528E-01  0.2443785232E+00  0.0000000000E+00  0.0000000000E+00  0.3189675491E+00 -0.9986667768E+00  0.4511096021E-01  0.0000000000E+00  0.0000000000E+00  0.0000000000E+00  0.2457918985E+00  0.1147099326E+00 -0.2056953107E-01  0.0000000000E+00  0.0000000000E+00  0.0000000000E+00
93  0.5698200714E-06  0.1292209139E-05  0.6315146157E-06  0.9913849584E-06  0.1621659373E-05 -0.3281990566E-01  0.2440392308E+00  0.3171539891E+00 -0.9991326446E+00  0.4337991877E-01  0.3471627302E+03  0.2454224447E+00  0.1136875280E+00 -0.2000290062E-01 -0.3281990566E-01  0.2440392308E+00  0.0000000000E+00  0.0000000000E+00  0.3171539891E+00 -0.9991326446E+00  0.4337991877E-01  0.0000000000E+00  0.0000000000E+00  0.0000000000E+00  0.2454224447E+00  0.1136875280E+00 -0.2000290062E-01  0.0000000000E+00  0.0000000000E+00  0.0000000000E+00
94  0.5023963171E-06  0.1186321741E-05  0.6536617585E-06  0.9478988196E-06  0.1341747983E-05 -0.3275026345E-01  0.2445284976E+00  0.3153579779E+00 -0.1000726317E+01  0.4225935562E-01  0.3501548302E+03  0.2459073962E+00  0.1128662414E+00 -0.1990774760E-01 -0.3275026345E-01  0.2445284976E+00  0.0000000000E+00  0.0000000000E+00  0.3153579779E+00 -0.1000726317E+01  0.4225935562E-01  0.0000000000E+00  0.0000000000E+00  0.0000000000E+00  0.2459073962E+00  0.1128662414E+00 -0.1990774760E-01  0.0000000000E+00  0.0000000000E+00  0.0000000000E+00
95  0.4594362990E-06  0.1045095321E-05  0.6413740238E-06  0.8883469002E-06  0.1171140829E-05 -0.3312694685E-01  0.2455932831E+00  0.3141384289E+00 -0.1002777452E+01  0.4207377833E-01  0.3530360302E+03  0.2469904365E+00  0.1124937540E+00 -0.2022818820E-01 -0.3312694685E-01  0.2455932831E+00  0.0000000000E+00  0.0000000000E+00  0.3141384289E+00 -0.1002777452E+01  0.4207377833E-01  0.0000000000E+00  0.0000000000E+00  0.0000000000E+00  0.2469904365E+00  0.1124937540E+00 -0.2022818820E-01  0.0000000000E+00  0.0000000000E+00  0.0000000000E+00
96  0.4290886734E-06  0.8954535055E-06  0.5565396550E-06  0.7933688273E-06  0.1128635360E-05 -0.3376047984E-01  0.2468451933E+00  0.3138192890E+00 -0.1004656523E+01  0.4280362695E-01  0.3563705302E+03  0.2482737875E+00  0.1126496830E+00 -0.2079533305E-01 -0.3376047984E-01  0.2468451933E+00  0.0000000000E+00  0.0000000000E+00  0.3138192890E+00 -0.1004656523E+01  0.4280362695E-01  0.0000000000E+00  0.0000000000E+00  0.0000000000E+00  0.2482737875E+00  0.1126496830E+00 -0.2079533305E-01  0.0000000000E+00  0.0000000000E+00  0.0000000000E+00
97  0.3924360132E-06  0.7835447263E-06  0.4442225847E-06  0.6937542801E-06  0.1091210139E-05 -0.3441973652E-01  0.2478895764E+00  0.3144130373E+00 -0.1005910982E+01  0.4412254858E-01  0.3596178302E+03  0.2493512422E+00  0.1132347502E+00 -0.2139902744E-01 -0.3441973652E-01  0.2478895764E+00  0.0000000000E+00  0.0000000000E+00  0.3144130373E+00 -0.1005910982E+01  0.4412254858E-01  0.0000000000E+00  0.0000000000E+00  0.0000000000E+00  0.2493512422E+00  0.1132347502E+00 -0.2139902744E-01  0.0000000000E+00  0.0000000000E+00  0.0000000000E+00
98  0.3467142135E-06  0.7209065197E-06  0.3816573581E-06  0.6258998559E-06  0.9792988524E-06 -0.3490697579E-01  0.2484430724E+00  0.3156466017E+00 -0.1006328897E+01  0.4554125458E-01  0.3623758302E+03  0.2499294798E+00  0.1140214428E+00 -0.2185663123E-01 -0.3490697579E-01  0.2484430724E+00  0.0000000000E+00  0.0000000000E+00  0.3156466017E+00 -0.1006328897E+01  0.4554125458E-01  0.0000000000E+00  0.0000000000E+00  0.0000000000E+00  0.2499294798E+00  0.1140214428E+00 -0.2185663123E-01  0.0000000000E+00  0.0000000000E+00  0.0000000000E+00
99  0.3045858654E-06  0.6740849412E-06  0.3859287953E-06  0.5895967522E-06  0.8198157812E-06 -0.3510837961E-01  0.2484045913E+00  0.3170762952E+00 -0.1005940140E+01  0.4659443841E-01  0.3649290302E+03  0.2499015920E+00  0.1147432299E+00 -0.2205977298E-01 -0.3510837961E-01  0.2484045913E+00  0.0000000000E+00  0.0000000000E+00  0.3170762952E+00 -0.1005940140E+01  0.4659443841E-01  0.0000000000E+00  0.0000000000E+00  0.0000000000E+00  0.2499015920E+00  0.1147432299E+00 -0.2205977298E-01  0.0000000000E+00  0.0000000000E+00  0.0000000000E+00
100  0.2774535316E-06  0.6124700872E-06  0.3938436565E-06  0.5563420089E-06  0.6979533105E-06 -0.3500184248E-01  0.2478252914E+00  0.3183031284E+00 -0.1004902496E+01  0.4701053647E-01  0.3675868302E+03  0.2493175104E+00  0.1152061729E+00 -0.2198370007E-01 -0.3500184248E-01  0.2478252914E+00  0.0000000000E+00  0.0000000000E+00  0.3183031284E+00 -0.1004902496E+01  0.4701053647E-01  0.0000000000E+00  0.0000000000E+00  0.0000000000E+00  0.2493175104E+00  0.1152061729E+00 -0.2198370007E-01  0.0000000000E+00  0.0000000000E+00  0.0000000000E+00
